0.974125
0.896884
0.821162
0.747314
0.689245
0.643587
0.614972
0.593493
0.580376
0.576205
0.569916
0.564271
0.560899
0.556815
0.554881
0.554736
0.552252
0.551724
0.552383
0.549532
0.549217
0.546706
0.546576
0.545725
0.545126
0.545533
0.545211
0.545492
0.545707
0.545969
0.545028
0.543674
0.542668
0.542859
0.54162
0.541237
0.541419
0.540891
0.540044
0.540224
0.540039
0.540045
0.539678
0.539848
0.540927
0.54058
0.540147
0.54099
0.540951
0.540635
0.540514
0.540821
0.540891
0.541628
0.542241
0.54153
0.541347
0.541276
0.541014
0.540458
0.540349
0.540152
0.540136
0.540953
0.540614
0.540179
0.539927
0.540698
0.540413
0.540481
0.540806
0.540344
0.540689
0.540513
0.54071
0.540569
0.541237
0.541112
0.540775
0.540835
0.540725
0.54011
0.540215
0.540137
0.54035
0.540271
0.540236
0.540107
0.540687
0.540862
0.540846
0.541102
0.541476
0.54172
0.542337
0.542024
0.541976
0.542143
0.542788
