0.924198
0.817485
0.695035
0.620292
0.580171
0.547607
0.525235
0.505656
0.485485
0.471429
0.468545
0.463342
0.459551
0.456914
0.453556
0.453526
0.449393
0.447729
0.444678
0.441332
0.437857
0.436843
0.434172
0.431468
0.430863
0.428353
0.427626
0.426473
0.424561
0.424794
0.424482
0.424335
0.423528
0.424179
0.424809
0.423609
0.422876
0.421807
0.421
0.419553
0.419596
0.418231
0.418089
0.418395
0.418302
0.417685
0.416802
0.416978
0.415565
0.415345
0.41457
0.414768
0.414987
0.414599
0.41519
0.414976
0.415255
0.414451
0.413818
0.413668
0.41326
0.413253
0.413232
0.412666
0.411939
0.412775
0.412331
0.412431
0.41279
0.412823
0.412456
0.411729
0.412213
0.412259
0.411615
0.411735
0.412263
0.41225
0.412313
0.412275
0.412866
0.413264
0.414135
0.414541
0.415205
0.414793
0.415106
0.41539
0.415873
0.415927
0.415417
0.415248
0.415619
0.416552
0.41678
0.416857
0.416893
0.416934
0.416558
