0.384
0.416179
0.434811
0.432367
0.437643
0.433428
0.432771
0.434855
0.432392
0.432659
0.43107
0.429455
0.428676
0.429582
0.427162
0.429838
0.42908
0.429337
0.431004
0.43268
0.432981
0.432886
0.433984
0.434851
0.436215
0.436982
0.437553
0.435634
0.435446
0.434802
0.435185
0.435186
0.435281
0.435846
0.43622
0.435797
0.435108
0.43618
0.435849
0.435833
0.435476
0.436141
0.43685
0.436632
0.436091
0.435903
0.435852
0.436687
0.436371
0.436706
0.437347
0.437509
0.437603
0.437132
0.436325
0.436316
0.4368
0.437226
0.437915
0.438504
0.438841
0.438655
0.438451
0.438271
0.437823
0.437764
0.438202
0.437876
0.437871
0.43859
0.438791
0.439066
0.43954
0.440299
0.440451
0.441045
0.441221
0.441251
0.441906
0.441388
0.44181
0.442028
0.442248
0.442724
0.443154
0.443469
0.443427
0.442899
0.442835
