0.940828
0.843109
0.784694
0.739198
0.70774
0.681307
0.655367
0.637094
0.621135
0.608535
0.60389
0.598483
0.592873
0.588465
0.584712
0.580785
0.579118
0.576587
0.574762
0.572143
0.571227
0.568952
0.5674
0.565074
0.5624
0.560798
0.557806
0.557016
0.555964
0.554897
0.555522
0.555704
0.553064
0.550539
0.549833
0.546641
0.547079
0.546261
0.546036
0.545364
0.543404
0.543429
0.541978
0.541198
0.540175
0.539962
0.53895
0.537707
0.536888
0.534714
0.533634
0.531471
0.529791
0.527672
0.526751
0.52639
0.526222
0.525352
0.524893
0.524146
0.523999
0.523216
0.52262
0.522458
0.521358
0.521528
0.52101
0.52028
0.519721
0.519241
0.518498
0.518652
0.518477
0.517635
0.517252
0.516787
0.516134
0.515665
0.514925
0.514192
0.514417
0.513723
0.514226
0.513598
0.512658
0.512445
0.512549
0.512988
0.512754
0.513612
0.513149
0.513475
0.513321
0.512503
0.51285
0.512945
0.512534
0.512422
0.512571
