0.984894
0.927921
0.837624
0.800296
0.771049
0.748887
0.724835
0.706964
0.69754
0.686193
0.680374
0.675995
0.670837
0.664665
0.662381
0.659528
0.657689
0.65378
0.651117
0.650439
0.646753
0.644726
0.643081
0.642222
0.64015
0.638407
0.636717
0.636371
0.63622
0.634392
0.633849
0.633592
0.632796
0.631148
0.629739
0.628943
0.628035
0.626977
0.626324
0.626191
0.625696
0.625334
0.624891
0.624291
0.624142
0.624131
0.622588
0.621858
0.621664
0.620931
0.620896
0.619482
0.619176
0.618111
0.617084
0.617381
0.616366
0.615346
0.614492
0.614456
0.613858
0.613884
0.613093
0.61313
0.612645
0.612527
0.612229
0.612238
0.61197
0.61147
0.610695
0.609914
0.609307
0.610091
0.610441
0.610586
0.610328
0.610112
0.609645
0.609951
0.610113
0.610109
0.609756
0.609836
0.609434
0.609483
0.609468
0.608955
0.60881
0.608674
0.608547
0.6084
0.607923
0.607577
0.607409
0.607076
0.606538
0.606711
0.606751
