0.468468
0.475
0.472256
0.471051
0.467808
0.466812
0.468466
0.471619
0.475992
0.475768
0.475441
0.474579
0.471772
0.47093
0.469802
0.469777
0.470163
0.469624
0.470226
0.469532
0.468596
0.467286
0.465724
0.46428
0.463548
0.463631
0.463334
0.461205
0.461629
0.460961
0.460865
0.460932
0.460787
0.460426
0.460637
0.461107
0.461459
0.460335
0.459572
0.459217
0.458217
0.457395
0.457372
0.455594
0.45648
0.456588
0.456353
0.456237
0.455938
0.455722
0.455712
0.455053
0.454434
0.453633
0.453274
0.45355
0.453418
0.453134
0.452677
0.452489
0.452378
0.452527
0.452046
0.452372
0.45285
0.453714
0.453916
0.453728
0.453929
0.453645
0.452866
0.45261
0.452037
0.451808
0.451517
0.451188
0.451189
0.451153
0.451305
0.451054
0.451197
0.451352
0.450579
0.45022
0.449965
0.449764
0.449963
0.449612
0.449677
