0.887865
0.855313
0.841302
0.838353
0.820072
0.813593
0.799957
0.790271
0.773973
0.758086
0.749928
0.743625
0.737644
0.728837
0.724966
0.718661
0.715167
0.711116
0.703928
0.698514
0.692607
0.687639
0.681673
0.676277
0.670876
0.666062
0.659546
0.653484
0.648694
0.642762
0.636073
0.631532
0.627051
0.622579
0.616602
0.612568
0.609147
0.605855
0.600868
0.59726
0.594542
0.590841
0.58767
0.583319
0.579016
0.576248
0.573466
0.571027
0.568068
0.566163
0.563458
0.560716
0.557681
0.554736
0.552382
0.550204
0.548131
0.546232
0.544302
0.542578
0.541124
0.539053
0.537034
0.535231
0.53396
0.533135
0.531038
0.528972
0.527255
0.525333
0.523666
0.52221
0.520909
0.51957
0.518413
0.517005
0.515394
0.51413
0.512307
0.51167
0.510563
0.509737
0.508394
0.507231
0.505992
0.504779
0.504211
0.503124
0.501672
0.500882
0.499938
0.498996
0.498715
0.498241
0.497087
0.496074
0.494786
0.493592
0.49264
0.492149
0.491222
0.490609
0.489832
0.489342
0.488319
0.487553
0.486623
0.486123
0.485626
0.485034
0.484627
0.484159
0.483298
0.481895
0.481548
0.481093
0.48029
0.479712
0.479195
0.478782
0.478454
0.477735
0.477139
0.476604
0.475492
0.475055
0.474583
0.474235
0.473724
0.473413
0.472569
0.471967
0.471495
0.470883
0.470551
0.47028
0.469969
0.469522
0.469517
0.469422
0.468787
0.468277
0.4681
0.467663
0.467367
0.467001
0.466692
0.466499
0.466078
0.465851
0.46565
0.465428
0.465152
0.464911
0.464403
0.463834
0.463642
0.463329
0.462783
0.462331
0.461925
0.461603
0.461673
0.461502
0.461269
0.461051
0.460909
0.460774
0.460409
0.460176
0.459782
0.459737
0.459619
0.459294
0.459253
0.459158
0.458929
0.45855
0.458382
0.458196
0.458058
0.45792
0.457615
0.457512
0.457449
0.457035
0.456807
0.456907
0.456601
0.45618
0.456042
0.456016
0.455851
0.455857
0.456066
0.455866
0.455749
0.455351
0.455199
0.455062
0.454981
0.454842
0.45501
0.45493
0.454969
0.454793
0.454653
0.454526
0.454388
0.454136
0.453904
0.453757
0.453648
0.45366
0.453807
0.453846
0.453749
0.453639
0.453435
0.453178
0.453085
0.452912
0.452729
0.452615
0.452704
0.452695
0.452852
0.452863
0.452837
0.452754
0.452695
0.45263
0.452326
0.45237
0.452404
0.452292
0.451962
0.451902
0.451738
0.451523
0.451412
0.451299
0.451323
0.451287
0.451258
0.451208
0.451203
0.451084
0.451149
0.451208
0.451444
0.451394
0.451317
0.451123
0.45112
0.451183
0.451225
0.451092
0.451082
0.451076
0.451017
0.450922
0.450955
0.450569
0.450448
0.450501
0.450528
0.45033
0.45035
0.450439
0.450593
0.450492
0.450352
0.450241
0.45022
0.45032
0.450287
0.450197
0.450186
0.450113
0.449902
0.449877
0.449959
0.450035
0.449912
0.449752
0.449739
0.449594
0.449538
0.449454
0.449336
0.449248
0.449154
0.44929
0.449259
0.449061
0.449272
0.449139
0.449166
0.449025
0.44912
0.449122
0.449289
0.449256
0.449108
0.448893
0.448686
0.448479
0.448519
0.448368
0.448329
0.448335
0.448367
0.448411
0.4484
0.448361
0.44827
0.44823
0.448204
0.448175
0.448123
0.447996
0.447903
0.447854
0.447859
0.447937
0.447954
0.447946
0.447911
0.447879
0.447828
0.447591
0.447612
0.447612
0.447632
0.447638
0.44752
0.447435
0.447371
0.44745
0.447418
0.447414
0.447244
0.447132
0.447195
0.447141
0.447103
0.447071
0.447058
0.447018
0.447089
0.447004
0.447053
0.447016
0.447079
0.447078
0.4472
0.447277
0.447195
0.44715
0.447139
0.447083
0.446999
0.447002
0.44695
0.447109
0.447211
0.447154
0.447159
0.447011
0.446908
0.446896
0.447149
0.447177
0.447259
0.447188
0.44717
0.447223
0.447157
0.447156
0.447223
0.447264
0.447252
0.447204
0.447256
0.447227
0.447296
0.447413
0.447355
0.447331
0.447355
0.447381
0.447401
0.447499
0.447591
0.44775
0.447741
0.447673
0.447688
0.447675
0.447735
0.447743
0.447643
0.447691
0.4476
0.447469
0.447397
0.447342
0.447385
0.447303
0.447378
0.447416
0.447411
0.447417
0.447309
0.447263
0.447263
0.44728
0.447255
0.447154
0.447337
0.447312
0.447275
0.447166
0.447207
0.447216
0.447263
0.447264
0.447229
0.447141
0.447053
0.447018
0.447051
0.44699
0.447039
0.447105
0.447126
0.447089
0.447098
0.447185
0.447282
0.447311
0.447391
0.44733
0.447422
0.447466
0.447459
0.447423
0.447405
0.447338
0.44736
0.447233
0.447225
0.44732
0.4474
0.447543
0.44759
0.44769
0.447638
0.447559
0.447534
0.447534
0.447535
0.447465
0.447552
0.447561
0.447594
0.447527
0.447488
0.447454
0.447391
0.447456
0.447492
0.447473
0.447482
0.447484
0.447457
0.447471
0.447419
0.447424
0.447358
0.44742
0.44735
0.447309
0.447359
0.447322
0.4473
0.447321
0.447299
0.447295
0.447345
0.447418
0.447382
0.447413
0.447376
0.447367
0.447465
0.447519
0.447533
0.447484
0.447556
0.447578
0.447578
0.447635
0.447715
0.447608
0.447643
0.447629
0.447627
0.447639
0.44764
0.447695
0.447664
0.447704
0.447726
0.447698
0.447616
0.447596
0.447678
0.447694
0.447683
0.447715
0.447723
0.447703
0.447692
0.447673
0.447664
0.44771
0.447658
0.447729
0.447825
0.447778
0.44775
0.447751
0.447784
0.447789
0.44789
0.447837
0.447833
0.44791
0.44786
0.447858
0.447801
0.447768
0.447809
0.447841
0.447874
0.447759
0.447814
0.44779
0.447895
0.447909
0.447989
0.447952
0.447939
0.447986
0.448088
0.448047
0.44808
0.448049
0.448086
0.448168
0.448187
0.44821
0.448239
0.448257
0.448268
0.448303
0.448265
0.448282
0.44835
0.448342
0.448331
0.448413
0.448405
0.448388
0.44838
0.448415
0.448349
0.44838
0.448383
0.448433
0.448378
0.448354
0.448354
0.448358
0.448254
0.448311
0.448327
0.448406
0.44851
0.448476
0.448456
0.448395
0.448439
0.448478
0.448447
0.448446
0.448428
0.44845
0.448513
0.448505
0.448542
0.448465
0.448435
0.448445
0.448439
0.448432
0.448405
0.448445
0.448479
0.448498
0.44857
0.448587
0.44863
0.448683
0.448686
0.448756
0.448729
0.44874
0.448732
0.44873
0.448812
0.448859
0.448849
0.448853
0.448783
0.448812
0.448821
0.448898
0.448844
0.448937
0.448912
0.448907
0.448846
0.448819
0.448888
0.448942
0.449
0.449028
0.449058
0.449091
0.449038
0.449078
0.449064
0.449074
0.449157
0.44921
0.449161
0.449136
0.449177
0.449261
0.449284
0.449234
0.44923
0.449283
0.449332
0.44943
0.449412
0.449426
0.44947
0.449446
0.449459
0.449524
0.449534
0.449604
0.449607
0.449574
0.449716
0.449717
0.449779
0.449752
0.449726
0.449783
0.449762
0.449872
0.449862
0.449991
0.450019
0.450083
0.450146
0.450172
0.450197
0.450204
0.450234
0.450197
0.450173
0.450162
0.450127
0.450166
0.450094
0.450027
0.45005
0.450026
0.450031
0.450108
0.450096
0.450203
0.450194
0.450102
0.45006
0.450053
0.450127
0.450131
0.450141
0.450143
0.450094
0.450087
0.450077
0.450132
0.450086
0.450114
0.450133
0.450085
0.450049
0.450042
0.450047
0.450095
0.45006
0.450117
0.450132
0.450017
0.449964
0.449889
0.44978
0.449747
0.449794
0.449781
0.449772
0.44974
0.449791
0.449779
0.44977
0.449893
0.449918
0.449868
0.449868
0.449866
0.449854
0.449854
0.449844
0.449881
0.44987
0.449943
0.449878
0.449812
0.449807
0.449857
0.449865
0.449814
0.449876
0.449876
0.449925
0.449906
0.44994
0.449934
0.449945
0.449929
0.449884
0.449852
0.449899
0.44985
0.449879
0.449927
0.449926
0.44986
0.449839
0.449902
0.449919
0.449915
0.449971
0.449972
0.449976
0.449955
0.44999
0.450027
0.449989
0.450026
0.450061
0.450056
0.450061
0.450001
0.450053
0.45012
0.450138
0.450151
0.450207
0.450237
0.450213
0.450205
0.450219
0.450192
0.450252
0.450294
0.450284
0.450341
0.450339
0.450291
0.450317
0.450338
0.450263
0.450311
0.450318
0.450323
0.450355
0.450279
0.450363
0.450396
0.450395
0.450466
0.450496
0.450526
0.450583
0.450622
0.450655
0.450667
0.45068
0.450658
0.450679
0.450671
0.450708
0.450781
0.450779
0.450775
0.450782
0.450771
0.45085
0.450897
0.450923
0.450873
0.450922
0.450964
0.451026
0.451031
0.451081
0.45111
0.451109
0.45116
0.451139
0.451165
0.451257
0.451317
0.451374
0.451379
0.451348
0.45132
0.451287
0.451258
0.451272
0.451272
0.451293
0.451323
0.451351
0.451361
0.451379
0.451374
0.451367
0.451401
0.451473
0.451455
0.451508
0.451546
0.451564
0.451578
0.451619
0.451657
0.451686
0.451703
0.451735
0.451777
0.451824
0.451868
0.451893
0.451926
0.451975
0.451977
0.452022
0.452103
0.452135
0.452126
0.452158
0.452222
0.452272
0.452279
0.452304
0.452341
0.452345
0.452328
0.4523
0.45232
0.452377
0.452371
0.452376
0.452396
0.452389
0.45242
0.452416
0.452502
0.452485
0.452501
0.452547
0.45258
0.452586
0.45251
0.452519
0.452533
0.452549
0.452513
0.452567
0.452582
0.452554
0.452569
0.45261
0.452582
0.452623
0.452685
0.452699
0.452699
0.4527
0.452675
0.45277
0.452771
0.452793
0.452781
0.452747
0.452734
0.452736
0.452746
0.452746
0.452694
0.452688
0.452708
0.452661
0.452668
0.452637
0.452632
0.452615
0.452642
0.452677
0.452644
0.452652
0.452659
0.452652
0.452636
0.452699
0.452705
0.452727
0.452725
0.452729
0.45276
0.452797
0.452825
0.452885
0.452883
0.452937
0.453007
0.453028
0.453069
0.453077
0.45308
0.453124
0.453147
0.453134
0.453189
0.453192
0.453231
0.453297
0.453291
0.45327
0.453288
0.453288
0.453318
0.453312
0.453324
0.453359
0.453383
0.453373
0.453431
0.453446
0.453454
0.453493
0.4535
0.453518
0.453549
0.453569
0.453592
0.453593
0.453603
0.453553
0.453556
0.453597
0.453616
0.45358
0.453587
0.4536
0.453618
0.453695
0.453713
0.453731
