0.799427
0.827637
0.814313
0.795207
0.777646
0.753253
0.727116
0.704708
0.679827
0.654936
0.648894
0.641284
0.634375
0.624376
0.618671
0.615652
0.609354
0.603014
0.596214
0.592243
0.587407
0.582668
0.576087
0.571403
0.565662
0.560852
0.556766
0.551796
0.545754
0.541079
0.534731
0.529463
0.524786
0.521563
0.51686
0.512097
0.505952
0.501789
0.499311
0.497234
0.494159
0.492009
0.489587
0.487133
0.484937
0.481714
0.480338
0.478353
0.47756
0.475344
0.471872
0.469833
0.467962
0.465797
0.464245
0.462021
0.459799
0.457639
0.456244
0.454457
0.4522
0.45044
0.448182
0.445443
0.444233
0.442934
0.442252
0.440993
0.439218
0.438074
0.436175
0.435159
0.434063
0.433628
0.43226
0.431274
0.42985
0.429067
0.427321
0.426337
0.425705
0.425093
0.424521
0.423363
0.422492
0.421818
0.420676
0.419968
0.419731
0.418875
0.418508
0.417999
0.417643
0.416837
0.415977
0.414791
0.414124
0.413261
0.412336
0.410698
0.40981
0.409
0.408377
0.407793
0.406982
0.406577
0.406548
0.405973
0.405553
0.405662
0.404976
0.403651
0.403621
0.402715
0.401712
0.400964
0.400325
0.400029
0.399796
0.399316
0.398862
0.398424
0.397587
0.39724
0.39684
0.396598
0.396119
0.39622
0.396095
0.395922
0.395737
0.39501
0.394878
0.394512
0.393711
0.393224
0.393148
0.392896
0.39255
0.391901
0.391913
0.391308
0.390925
0.391032
0.390779
0.390562
0.390228
0.389788
0.389827
0.389283
0.389205
0.389364
0.389645
0.389629
0.389305
0.389019
0.389006
0.388736
0.388741
0.388885
0.388903
0.388806
0.388388
0.388187
0.388133
0.387873
0.387784
0.387434
0.387375
0.387141
0.387018
0.386894
0.386552
0.386115
0.386367
0.386068
0.385486
0.385323
0.385322
0.385531
0.385358
0.385251
0.384486
0.384558
0.38439
0.384067
0.383735
0.383711
0.383802
0.383832
0.384061
0.384124
0.383867
0.383717
0.383921
0.383474
0.383256
0.38296
0.382972
0.382484
0.381998
0.381831
0.381858
0.381817
0.381773
0.381415
0.381122
0.381169
0.380883
0.380931
0.380731
0.380679
0.380622
0.380406
0.380102
0.380077
0.379961
0.379919
0.379651
0.379398
0.378727
0.378611
0.378502
0.378609
0.378578
0.378621
0.37834
0.378292
0.378329
0.37813
0.378136
0.377801
0.377373
0.377418
0.377313
0.377278
0.376885
0.376848
0.376601
0.376729
0.376504
0.376455
0.376481
0.376185
0.376211
0.376044
0.375881
0.375719
0.375759
0.375804
0.375756
0.375888
0.375801
0.375801
0.375922
0.375679
0.375644
0.37551
0.375237
0.374875
0.374586
0.374783
0.374626
0.374544
0.3744
0.374192
0.374308
0.374427
0.374476
0.374543
0.374489
0.37434
0.374373
0.37445
0.374267
0.374132
0.374116
0.374026
0.374043
0.374255
0.37439
0.374577
0.374378
0.374516
0.374345
0.374326
0.37431
0.374262
0.374341
0.374413
0.374311
0.374417
0.374419
0.374364
0.374323
0.373983
0.373991
0.373792
0.373542
0.373351
0.373266
0.373279
0.373259
0.37315
0.372986
0.372845
0.372631
0.372495
0.372324
0.372272
0.372352
0.372398
0.372329
0.37223
0.372185
0.372351
0.372491
0.372446
0.372471
0.372309
0.372527
0.372443
0.372368
0.372301
0.372381
0.372418
0.372366
0.372437
0.372349
0.372378
0.372296
0.37214
0.372286
0.372318
0.372299
0.372299
0.372339
0.372682
0.372584
0.372601
0.372536
0.372491
0.372498
0.372494
0.372349
0.372343
0.372288
0.37217
0.372073
0.372289
0.372279
0.372182
0.372269
0.372489
0.372373
0.372432
0.372414
0.372284
0.372165
0.372171
0.372056
0.372125
0.372172
0.372059
0.371858
0.371872
0.371988
0.371969
0.372106
0.37213
0.372266
0.372261
0.372252
0.372384
0.37245
0.372415
0.372466
0.372637
0.372588
0.372395
0.372401
0.372553
0.372793
0.37291
0.372995
0.373147
0.373073
0.373049
0.373085
0.373076
0.372955
0.372937
0.373002
0.373015
0.372959
0.372949
0.372815
0.372691
0.372893
0.372768
0.372739
0.37279
0.372933
0.372986
0.372949
0.372955
0.372933
0.373081
0.373109
0.373058
0.3728
0.37288
0.372964
0.37297
0.373072
0.373062
0.372959
0.372955
0.372973
0.372962
0.372985
0.373016
0.373144
0.373172
0.373144
0.372992
0.372975
0.372963
0.372913
0.372917
0.372968
0.372925
0.372912
0.372788
0.372782
0.372711
0.372477
0.372278
0.372223
0.372219
0.372248
0.372177
0.372084
0.372201
0.37209
0.372061
0.372082
0.372152
0.372302
0.372271
0.372367
0.372338
0.372341
0.372475
0.372423
0.372548
0.372483
0.372556
0.372401
0.372345
0.372421
0.372523
0.372631
0.372695
0.372644
0.372664
0.372676
0.37266
0.372588
0.372644
0.372625
0.372478
0.372554
0.372591
0.372725
0.372869
0.372954
0.372861
0.372986
0.372901
0.372929
0.372856
0.372673
0.372593
0.372612
0.372434
0.372461
0.37255
0.372454
0.37242
0.37249
0.372524
0.372672
0.37277
0.372756
0.37269
0.372697
0.37265
0.372653
0.372698
0.372696
0.372823
0.372837
0.372799
0.372995
0.373055
0.372852
0.372707
0.37256
0.372564
0.372613
0.372656
0.372622
0.372547
0.372539
0.37246
0.372464
0.372437
0.372423
0.372479
0.372454
0.372512
0.372508
0.372405
0.372315
0.372323
0.372236
0.372332
0.37227
0.372262
0.372278
0.372315
0.372256
0.372265
0.3724
0.3724
0.372337
0.372227
0.372284
0.372241
0.372255
0.372191
0.372239
0.372302
0.372265
0.372231
0.372205
0.372191
0.37216
0.372244
0.372301
0.372296
0.372327
0.372302
0.372353
0.372436
0.372565
0.372754
0.372766
0.372674
0.372726
0.372615
0.372623
0.372587
0.372631
0.372599
0.372657
0.372702
0.372681
0.372753
0.372777
0.372804
0.372885
0.372999
0.373041
0.37302
0.37304
0.373153
0.373211
0.373128
0.373061
0.373036
0.372976
0.372978
0.372989
0.373067
0.373097
0.373219
0.373256
0.37327
0.373334
0.373315
0.373419
0.373432
0.37353
0.373516
0.373525
0.373468
0.373413
0.373429
0.373439
0.373451
0.373503
0.373348
0.373469
0.373393
0.373363
0.373353
0.373374
0.373381
0.373323
0.37323
0.373211
0.37325
0.373279
0.373262
0.373224
0.373296
0.373266
0.3733
0.373318
0.373361
0.373322
0.373413
0.373321
0.373347
0.373334
0.373353
0.373375
0.373436
0.373434
0.373527
0.373645
0.373724
0.373759
0.37376
0.373661
0.373599
0.373527
0.373539
0.373522
0.373471
0.373469
0.373395
0.373403
0.373365
0.373485
0.373574
0.373579
0.373559
0.373561
0.373602
0.373686
0.373802
0.373967
0.373984
0.37402
0.3741
0.374073
0.374046
0.373976
0.374047
0.374047
0.374059
0.374105
0.374046
0.374131
0.374191
0.374301
0.374282
0.374323
0.374299
0.374389
0.37442
0.374388
0.374421
0.37436
0.374378
0.374438
0.374531
0.37457
0.374468
0.374479
0.374545
0.374595
0.374608
0.37467
0.374641
0.37473
0.374759
0.3747
0.37472
0.374725
0.374722
0.374754
0.374848
0.374845
0.374825
0.374775
0.374802
0.374801
0.374825
0.374868
0.374917
0.374881
0.37491
0.374934
0.374962
0.374924
0.375054
0.375108
0.375156
0.375122
0.375152
0.375065
0.375203
0.375175
0.375147
0.375174
0.375215
0.375228
0.375201
0.375283
0.375286
0.375304
0.375238
0.375288
0.37532
0.375334
0.375264
0.375275
0.375293
0.37535
0.375363
0.375264
0.375327
0.375385
0.375336
0.375436
0.375396
0.375343
0.375356
0.375368
0.375457
0.375427
0.375422
0.375502
0.375552
0.375546
0.375633
0.375702
0.375771
0.375759
0.375803
0.375731
0.375687
0.375705
0.375687
0.375753
0.375751
0.375755
0.375694
0.375673
0.375701
0.375727
0.375778
0.375771
0.375808
0.375764
0.375702
0.375775
0.375792
0.375793
0.375758
0.37586
0.375849
0.375918
0.3759
0.375974
0.375951
0.375942
0.375929
0.37593
0.375858
0.375855
0.375804
0.375791
0.375749
0.375692
0.375717
0.375761
0.375841
0.375916
0.37603
0.375984
0.376023
0.376039
0.376043
0.376088
0.376124
0.376152
0.376151
0.37613
0.37619
0.376156
0.376181
0.376253
0.37625
0.376255
0.376232
0.376212
0.376284
0.376392
0.376386
0.376357
0.376417
0.376442
0.376393
0.376511
0.376534
0.376566
0.37651
0.37649
0.37652
0.376628
0.376603
0.376659
0.376747
0.376699
0.376704
0.376713
0.376683
0.376603
0.376664
0.376661
0.376654
0.376624
0.376628
0.376693
0.376636
0.376594
0.376599
0.376612
0.376587
0.376663
0.376671
0.376605
0.376574
0.376641
0.376633
0.376637
0.376671
0.376605
0.376604
0.376617
0.376722
0.3768
0.376828
0.37688
0.376928
0.376916
0.376927
0.376958
0.376975
0.376905
0.376912
0.376921
0.376894
0.376834
0.376872
0.376925
0.376907
0.376977
0.376995
0.376984
0.377011
0.377041
0.377114
0.377178
0.37724
0.377295
0.377313
0.377294
0.377368
0.377358
0.377389
0.37745
0.377561
0.377611
0.377663
0.377668
0.377574
0.377586
0.377612
0.377683
0.377627
0.377663
0.377671
0.377651
0.377642
0.377643
0.377617
0.377632
0.377591
0.377545
0.377486
0.377538
0.377509
0.37749
0.377444
0.377407
0.377488
0.377544
0.377587
0.377621
0.377644
0.377728
0.377713
0.377682
0.377717
0.377714
0.377787
0.377796
0.377865
0.377875
0.377819
0.377835
0.377901
0.377936
0.378028
0.378078
0.378056
0.378106
0.378162
0.378197
0.378253
0.378222
0.378186
0.37821
0.378184
0.378206
0.378242
0.378208
0.378187
0.378207
0.378252
0.378245
0.378235
0.378254
0.378303
0.378309
0.378285
0.378246
0.378336
0.378385
0.378451
0.378465
0.378492
0.378494
0.378485
0.37853
0.378547
0.378559
0.378589
0.37863
0.378665
0.37876
0.378763
0.378781
0.378788
0.378808
0.37881
0.378855
0.378913
0.37891
0.378908
0.379003
0.379023
0.379056
0.379112
0.379207
0.379139
0.379189
0.379173
0.379206
0.37923
0.379217
0.379299
0.379325
0.379383
0.379376
0.379359
0.379342
0.379349
0.379331
0.379359
0.379417
0.379365
0.379362
