0.533203
0.534644
0.530688
0.528346
0.539267
0.539225
0.53975
0.542132
0.548125
0.550638
0.549694
0.550366
0.553638
0.552427
0.552048
0.552056
0.552155
0.55261
0.550748
0.551074
0.550089
0.549996
0.550549
0.550071
0.550087
0.550475
0.549951
0.549976
0.550388
0.549931
0.550268
0.549953
0.549012
0.548364
0.547914
0.548744
0.548739
0.548419
0.548988
0.547803
0.547176
0.546398
0.545655
0.54467
0.544395
0.542986
0.542287
0.542474
0.542218
0.541054
0.541277
0.540734
0.539514
0.538891
0.538016
0.538139
0.537331
0.536192
0.535835
0.535563
0.53564
0.535514
0.536228
0.536166
0.535837
0.535041
0.534326
0.533539
0.533505
0.53316
0.533021
0.532253
0.531918
0.5318
0.531134
0.531019
0.530254
0.529912
0.52944
0.528957
0.529123
0.528931
0.528423
0.528385
0.528357
0.528235
0.528184
0.527983
0.527846
0.528057
0.528257
0.527905
0.527864
0.527731
0.527313
0.526869
0.526558
0.526492
0.52698
0.527139
0.527079
0.526989
0.527035
0.526759
0.526432
0.526441
0.526131
0.525796
0.525452
0.52503
0.524729
0.524735
0.524106
0.524153
0.524342
0.524373
0.524305
0.524249
0.523926
0.523765
0.523759
0.523769
0.523672
0.523682
0.523724
0.523645
0.523502
0.523407
0.523456
0.523629
0.523552
0.523321
0.523232
0.523345
0.523012
0.523017
0.522812
0.522685
0.522447
0.522229
0.522428
0.522321
0.522118
0.521866
0.521949
0.521997
0.522076
0.522296
0.522129
0.52201
0.521945
0.521694
0.521498
0.521576
0.521412
0.521388
0.521474
0.521429
0.521508
0.521426
0.521635
0.521578
0.521386
0.521353
0.521132
0.521084
0.520748
0.52065
0.520578
0.520592
0.520411
0.520236
0.519885
0.519989
0.51991
0.519761
0.51982
0.519745
0.519939
0.519655
0.519532
0.51963
0.519696
0.51963
0.519553
0.519808
0.519848
0.519943
0.519961
0.51984
0.519716
0.519708
0.519716
0.51984
0.519743
0.519945
0.520048
0.519922
0.519874
0.519856
0.519845
0.51985
0.519673
0.519677
0.519879
0.519781
0.519823
0.520012
0.520024
0.51993
0.519895
0.519823
0.519873
0.519842
0.519823
0.519654
0.519636
0.519626
0.519576
0.5196
0.519505
0.519837
0.519981
0.519862
0.519973
0.520018
0.519947
0.520142
0.520147
0.520089
0.519864
0.519915
0.519892
0.519738
0.519676
0.519731
0.519785
0.519852
0.519698
0.519715
0.519829
0.519944
0.520031
0.520009
0.52002
0.519902
0.519735
0.519693
0.519625
0.519505
0.519412
0.51942
0.519297
0.519094
0.519077
0.519094
0.519014
0.518857
0.5188
0.518904
0.518824
0.518813
0.518825
0.518573
0.518624
0.518646
0.518644
0.518508
0.518422
0.518299
0.518393
0.51832
0.518223
0.518151
0.518033
0.517972
0.517914
0.517993
0.517957
0.517853
0.517885
0.517823
0.517807
0.517801
0.517903
0.517855
0.517974
0.517964
0.517914
0.517857
0.517755
0.517708
0.51775
0.517695
0.517734
0.517564
0.517503
0.517434
0.517253
0.517264
0.517289
0.517293
0.517303
0.517273
0.517284
0.517358
0.517341
0.517241
0.517059
0.517013
0.516948
0.516883
0.516831
0.516734
0.51675
0.516744
0.516683
0.51654
0.51654
0.516585
0.516615
0.516606
0.516751
0.516806
0.516782
0.516845
0.516806
0.516856
0.516791
0.516798
0.516663
0.516666
0.516732
0.516824
0.516785
0.516643
0.516629
0.516495
0.516563
0.516694
0.516636
0.516562
0.516612
0.516611
0.516688
0.516498
0.516427
0.516428
0.516324
0.516377
0.516408
0.516524
0.516535
0.516496
0.516516
0.516455
0.516454
0.516468
0.516409
0.516387
0.516266
0.516298
0.51635
0.51638
0.516394
0.516315
0.516292
0.516381
0.516288
0.516229
0.516194
0.516136
0.516091
0.516175
0.516152
0.516122
0.516217
0.516247
0.516248
0.51616
0.516198
0.516046
0.515971
0.515989
0.516003
0.515995
0.516051
0.516045
0.516037
0.516006
0.515943
0.515974
0.515975
0.515889
0.515811
0.515671
0.515617
0.515469
0.515454
0.515566
0.515555
0.515563
0.51557
0.515457
0.515488
0.515465
0.515571
0.515606
0.515617
0.515664
0.51565
0.515714
0.515754
0.515732
0.515721
0.515755
0.515766
0.515827
0.515696
0.515662
0.515605
0.515534
0.515478
0.51553
0.515472
0.515398
0.515351
0.5153
0.515288
0.51529
0.51527
0.51524
0.515235
0.515251
0.515208
0.515247
0.515263
0.515256
0.515285
0.515226
0.515336
0.515329
0.515308
0.515296
0.515316
0.515363
0.515387
0.515513
0.515509
0.515495
0.515559
0.51555
0.515526
0.515505
0.5155
0.515448
0.515492
0.515476
0.51542
0.515439
0.515517
0.515417
0.515436
0.515503
0.515587
0.515542
0.515528
0.515456
0.515446
0.515408
0.515445
0.515497
0.515469
0.515425
0.515476
0.51544
0.515392
0.515324
0.515386
0.515328
0.515294
0.51529
0.515235
0.515214
0.515241
0.515255
0.515283
0.515325
0.515338
0.51537
0.515367
0.5153
0.515352
0.515364
0.515391
0.515389
0.515365
0.51538
0.515348
0.515302
0.515318
0.515371
0.515328
0.515374
0.515453
0.515438
0.515388
0.51534
0.515274
0.515249
0.515247
0.515284
0.515277
0.515234
0.515197
0.515196
0.515219
0.515229
0.515232
0.515265
0.515187
0.515166
0.515181
0.51519
0.515261
0.515344
0.515317
0.515349
0.515401
0.515477
0.515502
0.515449
0.515435
0.515494
0.515493
0.515479
0.515451
0.515399
0.515325
0.515302
0.515268
0.515255
0.51521
0.515213
0.515092
0.515136
0.515136
0.515139
0.515169
0.515112
0.515073
0.515043
0.515007
0.514919
0.514888
0.514858
0.514854
0.514825
0.514751
0.514727
0.514736
0.514767
0.514661
0.514715
0.514674
0.514599
0.514567
0.514609
0.514585
0.514526
0.514558
0.514611
0.514632
0.514736
0.514693
0.514731
0.514836
0.514849
0.514923
0.514889
0.514904
0.514803
0.514763
0.514748
0.514779
0.514748
0.514751
0.514695
0.51472
0.514742
0.51482
0.514898
0.514891
0.514866
0.514845
0.514844
0.514812
0.514839
0.514856
0.514827
0.514858
0.514863
0.514815
0.514811
0.514873
0.514836
0.514833
0.514689
0.514731
0.514654
0.514636
0.514614
0.514589
0.514573
0.5146
0.514579
0.514496
0.514484
0.514475
0.514503
0.514503
0.514472
0.514467
0.51446
0.514429
0.514457
0.514482
0.514513
0.514548
0.514581
0.51461
0.514586
0.514577
0.514537
0.514487
0.514437
0.514471
0.51447
0.514423
0.514401
0.51437
0.514345
0.514383
0.514359
0.514317
0.514256
0.514225
0.514216
0.514195
0.514179
0.514153
0.514111
0.514154
0.514264
0.514292
0.514306
0.5143
0.514304
0.514354
0.514311
0.514332
0.514312
0.514291
0.514309
0.514231
0.514277
0.514332
0.514395
0.514436
0.514417
0.514437
0.51445
0.514461
0.514477
0.514468
0.51442
0.514318
0.514337
0.514263
0.514216
0.514204
0.514162
0.514137
0.514135
0.514093
0.514068
0.514077
0.51405
0.514043
0.514043
0.514042
0.514048
0.514081
0.514073
0.514095
0.514132
0.514061
0.514035
0.513973
0.513973
0.51401
0.514015
0.513987
0.513953
0.513944
0.513993
0.514
0.513998
0.514018
0.514063
0.514032
0.514009
0.513973
0.513955
0.513936
0.513852
0.513858
0.513825
0.513806
0.51383
0.513815
0.513816
0.513787
0.513742
0.513737
0.513718
0.513718
0.513671
0.513617
0.513552
0.513458
0.513378
0.513323
0.513291
0.513252
0.51321
0.51318
0.513146
0.513184
0.51312
0.513043
0.513022
0.512993
0.512956
0.512965
0.51295
0.512942
0.512922
0.512912
0.512901
0.512906
0.512955
0.512975
0.512981
0.513007
0.512994
0.512994
0.513027
0.513039
0.513053
0.513102
0.513103
0.51311
0.513114
0.513136
0.513138
0.513126
0.513068
0.513023
0.512998
0.512973
0.512971
0.512932
0.512947
0.51292
0.51292
0.512874
0.512793
0.512747
0.5127
0.512722
0.512784
0.512861
0.512864
0.512871
0.512814
0.512841
0.512841
0.512801
0.512825
0.512812
0.512843
0.512802
0.512827
0.512858
0.512852
0.512836
0.512802
0.51278
0.512753
0.512676
0.512742
0.512729
0.512694
0.512661
0.512658
0.512674
0.512688
0.512671
0.512667
0.51271
0.512699
0.5127
0.512702
0.512704
0.512722
0.512752
0.512754
0.512696
0.512655
0.512668
0.512665
0.512645
0.512628
0.512668
0.512736
0.512705
0.512724
0.512718
0.512706
0.512696
0.512724
0.512743
0.512781
0.512802
0.512806
0.512728
0.512705
0.512687
0.512725
0.512743
0.512727
0.512754
0.51277
0.512766
0.512795
0.512819
0.51281
0.512776
0.51277
0.512801
0.512796
0.512775
0.512749
0.512752
0.512757
0.512742
0.512747
0.512742
0.512775
0.51278
0.512812
0.512814
0.512764
0.512791
0.512844
0.512882
0.512921
0.512888
0.512855
0.512868
0.512848
0.512871
0.512881
0.512869
0.512865
0.512879
0.512907
0.512902
0.512896
0.512861
0.512841
0.512776
0.512768
0.512752
0.51275
0.512746
0.512778
0.512808
0.512797
0.512783
0.512782
0.512802
0.512821
0.512832
0.512824
0.512808
0.512796
0.512799
0.512779
0.512808
0.512789
0.51283
0.512743
0.512729
0.512675
0.512605
0.512568
0.51254
0.512555
0.512622
0.512664
0.512654
0.512599
0.512583
0.512559
0.512563
0.512598
0.512615
0.512597
0.512592
0.512633
0.512645
0.512683
0.512724
0.512739
0.512725
0.512669
0.512676
0.512676
0.512665
0.512638
0.512578
0.512592
0.512595
0.512541
0.51256
0.512563
0.51253
0.512492
0.512498
0.512492
0.512524
0.512567
0.5126
0.512629
0.51268
0.51265
0.512607
0.512609
0.512589
0.512594
0.512559
0.512573
0.512622
0.512647
0.512638
0.512631
0.51263
0.512538
0.512537
0.512563
0.512555
0.512524
0.512536
0.512527
0.512534
0.512529
0.512525
0.512525
0.512465
0.51249
0.512455
0.512432
0.512448
0.512416
0.512441
0.512434
0.512424
0.512407
0.512375
0.512371
0.512386
0.512386
0.512436
0.512423
0.512431
0.512468
0.512447
