0.981337
0.91344
0.81
0.721391
0.657074
0.613517
0.589094
0.570462
0.554106
0.542067
0.537832
0.531301
0.528327
0.523112
0.521043
0.519383
0.517462
0.515408
0.513633
0.513837
0.510438
0.51064
0.510155
0.509524
0.509823
0.508738
0.507846
0.506624
0.505987
0.505434
0.504717
0.504353
0.50475
0.504398
0.503788
0.501235
0.500557
0.501219
0.50113
0.499815
0.499156
0.499142
0.498145
0.497751
0.498181
0.497135
0.495967
0.495821
0.494768
0.494309
0.494232
0.493601
0.492811
0.491969
0.491827
0.491685
0.49195
0.492013
0.492445
0.49277
0.492594
0.492458
0.493325
0.493033
0.493213
0.49269
0.49193
0.492351
0.492186
0.492279
0.492252
0.492184
0.492507
0.491962
0.491739
0.491273
0.491356
0.49123
0.491546
0.492107
0.492704
0.492882
0.49284
0.49337
0.493878
0.493953
0.493688
0.493612
0.492605
0.492688
0.493501
0.493948
0.494428
0.494674
0.495171
0.49529
0.495306
0.495624
0.495564
