0.938375
0.888726
0.722
0.613122
0.558293
0.519701
0.490179
0.472741
0.453823
0.441687
0.4357
0.431688
0.429995
0.426667
0.423671
0.419325
0.41501
0.411054
0.409234
0.405444
0.402707
0.4
0.39794
0.397106
0.395608
0.395085
0.394441
0.39254
0.389282
0.386899
0.384489
0.383212
0.381992
0.380946
0.378972
0.37717
0.375866
0.375304
0.375847
0.375077
0.374788
0.37408
0.372489
0.37174
0.37129
0.370637
0.370209
0.36976
0.369313
0.369185
0.368394
0.368147
0.367049
0.366003
0.364453
0.363594
0.363796
0.364118
0.363546
0.363443
0.362521
0.36259
0.362768
0.362024
0.36196
0.361332
0.361475
0.361317
0.362406
0.362175
0.362549
0.362369
0.362656
0.362386
0.362375
0.362415
0.361534
0.361797
0.361828
0.361395
0.360883
0.360032
0.360538
0.36057
0.360377
0.360884
0.360338
0.360452
0.360472
0.359751
0.36019
0.360447
0.360761
0.361473
0.361919
0.361651
0.361599
0.36157
0.36133
