0.376894
0.385129
0.390351
0.380636
0.38088
0.38077
0.383085
0.384875
0.38306
0.383922
0.382523
0.383959
0.385884
0.386276
0.385837
0.388354
0.38958
0.390505
0.393509
0.393173
0.395075
0.396394
0.397482
0.398641
0.400353
0.396201
0.393765
0.394371
0.394308
0.393399
0.393795
0.394912
0.39474
0.39444
0.393881
0.392711
0.392453
0.39274
0.392605
0.391649
0.391922
0.392125
0.389795
0.389538
0.390031
0.391422
0.391836
0.392209
0.392067
0.393319
0.3932
0.392872
0.392701
0.392821
0.392971
0.391835
0.39129
0.391204
0.390962
0.390374
0.391149
0.391571
0.391998
0.391115
0.391036
0.390201
0.390625
0.391241
0.392023
0.392116
0.39278
0.393223
0.39396
0.393713
0.394414
0.394188
0.394135
0.394659
0.393198
0.393703
0.394268
0.394793
0.39486
0.394782
0.394772
0.394683
0.39509
0.395559
0.395856
