0.987382
0.912644
0.850679
0.798351
0.752543
0.718726
0.698583
0.683774
0.665718
0.652579
0.648334
0.641717
0.635776
0.627692
0.620878
0.614421
0.60901
0.606348
0.602375
0.599573
0.596711
0.592239
0.590044
0.584499
0.582128
0.57804
0.575347
0.573948
0.572534
0.571099
0.57043
0.569048
0.566451
0.564811
0.562053
0.560685
0.558925
0.556885
0.554817
0.552408
0.550628
0.548966
0.547817
0.546659
0.545403
0.544086
0.543364
0.541597
0.540941
0.539963
0.539546
0.538856
0.537037
0.536043
0.536225
0.535897
0.53607
0.534464
0.534341
0.534116
0.533551
0.532542
0.531675
0.529897
0.529377
0.529441
0.527978
0.527758
0.527921
0.527295
0.526126
0.525438
0.525415
0.525194
0.523464
0.522723
0.522793
0.523119
0.522896
0.521981
0.521269
0.520692
0.520478
0.520417
0.520166
0.520005
0.519908
0.519218
0.518289
0.518185
0.517674
0.517416
0.517435
0.517051
0.516664
0.516258
0.516209
0.516256
0.515761
