0.980874
0.88777
0.816024
0.740991
0.683353
0.641969
0.619129
0.596667
0.574356
0.55655
0.553045
0.54903
0.540975
0.530005
0.52249
0.51687
0.511854
0.508585
0.503882
0.499797
0.497731
0.494457
0.491554
0.487004
0.484018
0.479213
0.475945
0.474299
0.471388
0.47028
0.467989
0.465457
0.462582
0.460495
0.458191
0.456883
0.456069
0.45521
0.4537
0.453123
0.45281
0.450699
0.448176
0.446094
0.445729
0.445632
0.445239
0.443271
0.441624
0.441471
0.440743
0.44006
0.438665
0.437512
0.437357
0.43614
0.435803
0.43387
0.433011
0.433027
0.432418
0.43007
0.428777
0.428069
0.428288
0.428583
0.427973
0.427606
0.427348
0.426244
0.426404
0.426195
0.426074
0.425552
0.423501
0.423444
0.423777
0.424279
0.423841
0.423869
0.423551
0.422585
0.422067
0.422448
0.422838
0.422473
0.421477
0.420889
0.420053
0.419771
0.418809
0.417732
0.417657
0.416916
0.415764
0.415178
0.415017
0.41486
0.414337
