0.382189
0.384687
0.368746
0.356075
0.358696
0.366573
0.371029
0.373671
0.377886
0.381926
0.385494
0.382493
0.379053
0.369934
0.370872
0.370011
0.370118
0.37116
0.370393
0.370828
0.371581
0.36988
0.369266
0.369563
0.368169
0.368144
0.368576
0.368821
0.36887
0.367874
0.368279
0.368021
0.368646
0.367927
0.368541
0.369267
0.370163
0.370039
0.369717
0.371111
0.371021
0.370302
0.370611
0.370922
0.371692
0.372313
0.372269
0.371914
0.372315
0.371919
0.372484
0.371958
0.372077
0.370912
0.372218
0.372532
0.372534
0.372498
0.372203
0.372043
0.372092
0.373077
0.37365
0.374135
0.37323
0.373268
0.373392
0.373724
0.373965
0.373399
0.373742
0.373079
0.372905
0.373252
0.373746
0.373903
0.373444
0.373009
0.373092
0.373411
0.37379
0.373839
0.374464
0.37419
0.374468
0.374399
0.374907
0.375073
0.37519
