0.914676
0.809449
0.689175
0.595944
0.547382
0.511786
0.482728
0.464619
0.44296
0.426426
0.42204
0.419165
0.414405
0.409882
0.40678
0.403359
0.400229
0.397224
0.39448
0.391554
0.38784
0.385877
0.384947
0.384224
0.383756
0.383647
0.384126
0.381566
0.379267
0.379898
0.379891
0.379004
0.378359
0.378104
0.378087
0.378784
0.37796
0.376862
0.376016
0.375405
0.375076
0.374551
0.375073
0.374049
0.374801
0.374944
0.375055
0.374381
0.373769
0.373493
0.373784
0.373739
0.372695
0.372733
0.372795
0.373041
0.372409
0.371601
0.371256
0.370206
0.369428
0.369795
0.369345
0.369541
0.370034
0.370413
0.370879
0.371275
0.370912
0.370281
0.370733
0.370968
0.370874
0.370233
0.369768
0.37026
0.370477
0.370987
0.371258
0.371613
0.371601
0.37273
0.372454
0.372107
0.372095
0.372651
0.37277
0.3732
0.37336
0.373594
0.374056
0.374387
0.374052
0.373925
0.374337
0.374594
0.374854
0.37521
0.374828
