0.954738
0.914286
0.814707
0.72443
0.6649
0.619653
0.585829
0.560796
0.543003
0.530424
0.525958
0.519908
0.51676
0.512097
0.50754
0.503604
0.501399
0.497783
0.495402
0.493676
0.490779
0.488502
0.488166
0.485609
0.484513
0.483431
0.482841
0.481994
0.480744
0.48026
0.479683
0.479366
0.47903
0.478607
0.477914
0.477563
0.47776
0.476239
0.476394
0.475401
0.475369
0.474506
0.474172
0.474757
0.47535
0.474446
0.474802
0.475255
0.475263
0.475176
0.475427
0.47542
0.474612
0.474543
0.474164
0.474752
0.474684
0.474929
0.473849
0.474519
0.473506
0.473725
0.473916
0.474053
0.47465
0.474757
0.47553
0.475906
0.476505
0.476986
0.477841
0.478574
0.479146
0.479065
0.47829
0.479045
0.479285
0.47995
0.479871
0.480057
0.480018
0.480351
0.480533
0.480692
0.481142
0.481657
0.482023
0.482121
0.48213
0.482701
0.482357
0.482341
0.482415
0.482724
0.483296
0.483746
0.484002
0.484037
0.484009
