0.38921
0.39255
0.404467
0.406235
0.402652
0.407758
0.409805
0.40579
0.406356
0.406757
0.408107
0.412363
0.416046
0.418108
0.417215
0.420157
0.421177
0.420997
0.421021
0.420987
0.422218
0.421012
0.421297
0.421057
0.421105
0.420679
0.421699
0.420956
0.42126
0.421377
0.422565
0.42437
0.425232
0.42533
0.42552
0.425094
0.425239
0.425026
0.425389
0.42625
0.426155
0.426318
0.426151
0.426683
0.428114
0.427688
0.427828
0.428792
0.42752
0.427285
0.426841
0.427288
0.427031
0.426719
0.427008
0.426465
0.426273
0.426434
0.427078
0.426556
0.427198
0.427113
0.427338
0.42757
0.427639
0.427
0.426857
0.427221
0.427922
0.428207
0.427783
0.427786
0.428192
0.428351
0.428202
0.427807
0.427746
0.427474
0.428069
0.42849
0.428437
0.428373
0.427884
0.427953
0.428178
0.428047
0.427894
0.428296
0.428039
