0.991045
0.931677
0.831804
0.76644
0.718993
0.682229
0.653945
0.633459
0.618042
0.60181
0.59203
0.584658
0.578768
0.574195
0.569431
0.565888
0.563089
0.561124
0.557518
0.558201
0.555271
0.551533
0.547384
0.545257
0.543129
0.542289
0.539207
0.537733
0.536179
0.533302
0.532609
0.531808
0.531313
0.528922
0.528346
0.526615
0.526184
0.524482
0.524361
0.522353
0.521819
0.521169
0.520774
0.518403
0.517648
0.516377
0.515155
0.514052
0.514017
0.512495
0.511695
0.511196
0.511027
0.510874
0.5107
0.510968
0.510537
0.510572
0.509925
0.509171
0.508728
0.506983
0.507238
0.506346
0.506507
0.505427
0.505644
0.504722
0.505297
0.50495
0.504967
0.504297
0.503787
0.50348
0.502665
0.5023
0.502422
0.502323
0.502369
0.502483
0.502351
0.502054
0.501456
0.500905
0.500133
0.499967
0.499448
0.499004
0.499173
0.499023
0.498596
0.498826
0.498407
0.497515
0.497657
0.497649
0.496464
0.49591
0.496326
