0.984962
0.943215
0.870233
0.811356
0.774242
0.744012
0.720437
0.704307
0.687272
0.67644
0.670639
0.664521
0.660239
0.657262
0.653799
0.649276
0.647185
0.643751
0.641293
0.639829
0.637776
0.636398
0.63547
0.633024
0.632017
0.6307
0.630402
0.629444
0.627979
0.627693
0.627507
0.625781
0.624577
0.623806
0.623842
0.622373
0.621212
0.621677
0.619863
0.619284
0.618891
0.618284
0.617683
0.616682
0.616391
0.616152
0.616289
0.616611
0.616603
0.616225
0.615063
0.614694
0.614644
0.614517
0.614312
0.614007
0.614096
0.614143
0.613379
0.612705
0.611769
0.611535
0.610408
0.609838
0.609538
0.609426
0.60884
0.608832
0.608541
0.608891
0.608583
0.607757
0.6073
0.606461
0.605517
0.605177
0.604841
0.604891
0.604771
0.604585
0.60468
0.605215
0.604667
0.604651
0.604246
0.604872
0.604671
0.604242
0.603766
0.603722
0.603315
0.60361
0.603728
0.603401
0.602997
0.602816
0.602808
0.602439
0.602669
