0.460695
0.439048
0.444302
0.444125
0.436113
0.435279
0.43317
0.432907
0.429324
0.434016
0.435359
0.437352
0.438814
0.438187
0.440976
0.439085
0.439635
0.44055
0.440946
0.441812
0.443225
0.442543
0.44187
0.442508
0.442449
0.443092
0.44305
0.443843
0.443183
0.443989
0.444173
0.444464
0.444942
0.444389
0.444041
0.444649
0.444672
0.44455
0.444163
0.444555
0.4441
0.443432
0.443034
0.443181
0.443018
0.443517
0.444467
0.445255
0.44541
0.44585
0.445649
0.445897
0.44548
0.444814
0.444892
0.445379
0.445466
0.445539
0.445739
0.445486
0.445699
0.445629
0.445296
0.444458
0.444347
0.444448
0.444444
0.444738
0.444652
0.444856
0.444818
0.444287
0.443706
0.443606
0.443602
0.443688
0.443711
0.443375
0.443255
0.443315
0.44346
0.443223
0.443063
0.443229
0.442641
0.442905
0.442673
0.442387
0.442407
