0.815642
0.802276
0.798651
0.786287
0.768783
0.752298
0.72856
0.702891
0.675941
0.651368
0.642453
0.636758
0.631318
0.622383
0.613964
0.607531
0.601782
0.594508
0.588504
0.582947
0.576397
0.570536
0.565273
0.561058
0.555401
0.550566
0.543753
0.538215
0.53127
0.525657
0.521869
0.515187
0.51095
0.506832
0.502186
0.496191
0.490657
0.48667
0.48143
0.477194
0.474589
0.472513
0.468418
0.464478
0.461271
0.458085
0.453307
0.451236
0.448532
0.44521
0.443019
0.441375
0.439628
0.43744
0.435042
0.4329
0.430625
0.428066
0.426438
0.425106
0.421634
0.419358
0.416977
0.415634
0.41369
0.412211
0.410426
0.408092
0.40753
0.405951
0.404607
0.402335
0.400629
0.399586
0.399225
0.398062
0.396688
0.395889
0.394564
0.393195
0.392075
0.390923
0.390454
0.389406
0.388711
0.387714
0.386202
0.384786
0.383641
0.382629
0.381599
0.381132
0.380082
0.379203
0.378249
0.377308
0.376372
0.375496
0.375434
0.375134
0.374776
0.374348
0.374052
0.373514
0.372601
0.371923
0.371313
0.370265
0.368913
0.367944
0.367695
0.367429
0.367264
0.36708
0.366839
0.366566
0.366425
0.365925
0.365529
0.364713
0.364372
0.363765
0.364161
0.364398
0.363876
0.363311
0.362983
0.362777
0.362522
0.361864
0.361489
0.360985
0.360704
0.360416
0.360129
0.360282
0.360075
0.359801
0.359424
0.359625
0.359056
0.358533
0.358159
0.357963
0.35762
0.357183
0.356486
0.356271
0.356058
0.355742
0.355831
0.355499
0.355423
0.354657
0.354232
0.35432
0.354123
0.353872
0.353149
0.35341
0.353212
0.352986
0.352783
0.352487
0.352192
0.35217
0.352105
0.351912
0.351581
0.351395
0.351617
0.351379
0.351082
0.351044
0.350684
0.350521
0.35037
0.350324
0.350403
0.350585
0.350795
0.350688
0.35057
0.350807
0.350562
0.350518
0.350193
0.349911
0.350003
0.349768
0.349274
0.349071
0.349156
0.349014
0.349209
0.349331
0.349128
0.349091
0.348946
0.348986
0.34877
0.348984
0.348965
0.349052
0.349073
0.349004
0.348728
0.34871
0.348412
0.348191
0.34813
0.347752
0.34743
0.347206
0.346981
0.346811
0.346889
0.34701
0.347151
0.347046
0.347392
0.347659
0.347546
0.347359
0.347353
0.347222
0.347176
0.347349
0.346864
0.347285
0.347355
0.347307
0.347305
0.347351
0.347161
0.347254
0.347384
0.347271
0.347108
0.346869
0.346906
0.346771
0.346623
0.346508
0.346477
0.346556
0.346434
0.346475
0.346341
0.346347
0.346276
0.34619
0.346233
0.346266
0.346264
0.346212
0.346088
0.345898
0.345991
0.345785
0.345684
0.345582
0.345719
0.345647
0.345728
0.345774
0.345602
0.345617
0.345565
0.345448
0.34548
0.345228
0.345375
0.345511
0.345531
0.345315
0.345399
0.34537
0.345227
0.345239
0.345341
0.345312
0.345392
0.345394
0.345181
0.345151
0.345327
0.345407
0.345622
0.345415
0.345404
0.345439
0.345587
0.34569
0.345857
0.345928
0.346084
0.346079
0.345783
0.345742
0.345763
0.345887
0.345776
0.345763
0.345658
0.345538
0.345669
0.345673
0.345729
0.345611
0.345608
0.345839
0.345828
0.345891
0.345819
0.345711
0.345678
0.345613
0.34556
0.345785
0.345783
0.345937
0.345912
0.346026
0.346022
0.345964
0.345988
0.346011
0.346038
0.346109
0.346285
0.346281
0.346347
0.346198
0.346359
0.346527
0.346759
0.346818
0.346829
0.346998
0.347129
0.347281
0.347332
0.3473
0.347345
0.347464
0.347518
0.347667
0.34754
0.347642
0.347512
0.347566
0.347671
0.347891
0.347869
0.347974
0.34804
0.348099
0.348135
0.348209
0.3481
0.348301
0.348359
0.348142
0.348221
0.348387
0.348393
0.348548
0.348427
0.348434
0.348497
0.348464
0.348394
0.348263
0.348302
0.348374
0.34841
0.348348
0.348374
0.348496
0.348556
0.348595
0.348719
0.348669
0.348683
0.348793
0.348908
0.348939
0.348994
0.349023
0.348965
0.348973
0.348837
0.348713
0.348718
0.348811
0.348787
0.348581
0.348538
0.348665
0.348838
0.348855
0.349018
0.348934
0.348956
0.348956
0.348904
0.348961
0.349053
0.348927
0.348945
0.348992
0.349077
0.349138
0.349121
0.34904
0.349217
0.349123
0.349048
0.349037
0.348989
0.349028
0.348842
0.348925
0.349109
0.349229
0.349372
0.349286
0.349236
0.34927
0.349184
0.349337
0.34943
0.349376
0.349135
0.349122
0.34908
0.349231
0.349152
0.349185
0.349336
0.349378
0.349582
0.349774
0.34982
0.349842
0.349945
0.350044
0.35019
0.350324
0.350111
0.350183
0.350078
0.350101
0.350021
0.350075
0.350067
0.350083
0.35028
0.350517
0.350549
0.350483
0.350487
0.350484
0.350503
0.350601
0.350665
0.35058
0.350778
0.350839
0.350936
0.350928
0.350892
0.350924
0.350997
0.351001
0.351062
0.351149
0.35108
0.351166
0.351228
0.35113
0.351146
0.351225
0.351199
0.351272
0.351445
0.351473
0.35154
0.351635
0.351681
0.351563
0.351488
0.351476
0.351485
0.351527
0.351519
0.351695
0.351716
0.351651
0.35167
0.351825
0.351911
0.351921
0.351989
0.351919
0.351764
0.351735
0.351693
0.351729
0.351765
0.351751
0.351696
0.351696
0.351748
0.351736
0.351753
0.351912
0.352035
0.352076
0.352123
0.352122
0.352071
0.352077
0.352111
0.352104
0.352064
0.352182
0.352325
0.352347
0.352431
0.352437
0.35252
0.352594
0.352646
0.352677
0.352552
0.352664
0.352603
0.352571
0.352609
0.352697
0.35271
0.352775
0.352788
0.352708
0.352608
0.352613
0.352643
0.35256
0.352489
0.35247
0.352445
0.352611
0.35261
0.352685
0.352687
0.352723
0.352848
0.352868
0.352909
0.352941
0.352896
0.352855
0.352888
0.352831
0.352923
0.35293
0.353033
0.353139
0.353157
0.353168
0.353179
0.353334
0.353448
0.353428
0.353504
0.353473
0.353386
0.353345
0.353481
0.353583
0.35363
0.3536
0.353636
0.353597
0.353792
0.353775
0.353765
0.353741
0.353668
0.353613
0.353657
0.353705
0.353775
0.35376
0.353736
0.353668
0.353752
0.353744
0.353767
0.353876
0.354042
0.354176
0.354112
0.35416
0.354162
0.354207
0.354314
0.354357
0.354451
0.354576
0.354704
0.354634
0.354672
0.354812
0.354897
0.354932
0.35501
0.35518
0.355302
0.355356
0.355312
0.35535
0.355527
0.355554
0.355425
0.35551
0.355608
0.355611
0.355595
0.355637
0.355662
0.355591
0.355677
0.35571
0.355746
0.355808
0.355805
0.355903
0.355978
0.356045
0.356026
0.356059
0.356053
0.356026
0.355982
0.35602
0.356021
0.356069
0.356038
0.35616
0.356187
0.35624
0.356244
0.356148
0.356135
0.356205
0.356201
0.35624
0.356288
0.356276
0.356227
0.356248
0.3563
0.356273
0.3563
0.356298
0.356323
0.356347
0.356473
0.356515
0.356539
0.356535
0.356581
0.35663
0.356603
0.35654
0.356526
0.356618
0.356661
0.356678
0.356619
0.356515
0.356453
0.356442
0.356534
0.356527
0.356608
0.356647
0.356674
0.356628
0.356641
0.35666
0.356756
0.356833
0.356795
0.356839
0.356835
0.356822
0.356881
0.356861
0.356811
0.356825
0.356827
0.356937
0.357
0.357034
0.357124
0.357169
0.357187
0.357172
0.357224
0.357252
0.357391
0.35741
0.35743
0.357433
0.357411
0.357375
0.35736
0.357459
0.357478
0.357503
0.357526
0.357485
0.357515
0.357521
0.357595
0.357684
0.357634
0.357669
0.357788
0.357807
0.357895
0.35793
0.357948
0.358007
0.3581
0.358005
0.358089
0.358079
0.358078
0.358103
0.358146
0.358178
0.358165
0.358184
0.358217
0.358212
0.358281
0.358337
0.358366
0.358297
0.358291
0.358394
0.358476
0.358473
0.358432
0.35844
0.358458
0.358507
0.358509
0.358634
0.358632
0.358714
0.358712
0.358724
0.358734
0.358786
0.35876
0.358719
0.358766
0.358797
0.358809
0.358858
0.35887
0.358876
0.358975
0.359013
0.359
0.359089
0.359124
0.359154
0.359205
0.359192
0.359185
0.359279
0.359339
0.359447
0.359478
0.359473
0.359501
0.359521
0.359574
0.359611
0.359593
0.359618
0.359681
0.359644
0.359713
0.35983
0.359851
0.359847
0.359865
0.359819
0.359822
0.359879
0.359898
0.35991
0.359977
0.359933
0.359925
0.359959
0.360021
0.360077
0.360116
0.3601
0.360071
0.360101
0.360132
0.36014
0.360275
0.360267
0.360308
0.360259
0.360271
0.360323
0.360306
0.360333
0.360353
0.360405
0.360468
0.360459
0.360492
0.360521
0.360613
0.36068
0.36076
0.360805
0.360883
0.360881
0.360833
0.360902
0.360884
0.360978
0.360995
0.361058
0.361083
0.361154
0.361216
0.361306
0.361325
0.361345
0.361353
0.361442
0.361537
0.36157
0.361585
0.361543
0.361578
0.361634
0.361678
0.361687
0.361665
0.361748
0.361758
0.361788
0.36175
0.361758
0.361784
0.361851
0.36193
0.361971
0.362004
0.36201
0.362009
0.362009
0.362021
0.362077
0.362113
0.362189
0.362235
0.362363
0.362458
0.3625
0.362572
0.362598
0.362623
0.362581
0.362587
0.362604
0.362655
0.36261
0.362535
0.362551
0.362596
0.362678
0.362762
0.362811
0.362884
0.362944
0.362888
0.362935
0.362958
0.362988
0.362961
0.362978
0.363004
0.363066
0.363116
0.36319
0.363286
0.363394
0.363447
0.363495
0.363534
0.363593
0.363629
0.363714
0.363783
0.363759
0.363857
0.363909
0.363944
0.363959
0.363935
0.364
0.364057
0.364107
0.364104
0.364096
0.364038
0.364053
0.364094
0.36403
0.364068
0.364151
0.364154
0.364216
0.364251
0.364191
0.364187
0.364244
0.364211
0.364281
0.364362
0.364463
0.364536
0.364584
0.364681
0.364684
0.364669
0.36471
0.364774
0.364868
0.364815
0.36479
0.364862
0.364839
0.364872
0.364948
0.364924
0.36493
0.364936
0.36495
0.364971
0.365094
0.365124
0.365156
0.365171
0.365202
0.365181
0.36517
0.365228
0.365221
0.365207
0.365235
0.365236
0.365266
0.36527
0.365265
0.365267
0.365356
0.365347
0.365381
0.365403
0.365355
0.365402
0.365421
0.365475
0.365536
0.365599
0.365617
0.365689
0.365697
0.365789
0.365844
0.36584
