0.904984
0.872012
0.849643
0.837961
0.824551
0.811086
0.793606
0.779571
0.763162
0.748826
0.742626
0.734098
0.728092
0.721117
0.714163
0.707671
0.70124
0.694597
0.686453
0.67911
0.674342
0.669105
0.661011
0.654111
0.64777
0.641936
0.636417
0.630854
0.625
0.618051
0.611925
0.606642
0.601645
0.59704
0.591613
0.586716
0.581654
0.576714
0.571329
0.567784
0.563711
0.559045
0.554299
0.551134
0.548089
0.544564
0.542002
0.53946
0.536486
0.53392
0.530834
0.528554
0.526381
0.523987
0.521429
0.518954
0.516409
0.514377
0.512746
0.510095
0.50744
0.505339
0.503743
0.501614
0.499434
0.497437
0.495326
0.493615
0.492082
0.490722
0.489049
0.487359
0.486183
0.484834
0.48331
0.482192
0.481043
0.47988
0.478575
0.476982
0.475508
0.474626
0.473309
0.472053
0.471
0.4703
0.468649
0.467459
0.465937
0.465257
0.464546
0.463381
0.462865
0.462024
0.460967
0.460174
0.458679
0.458242
0.457295
0.456805
0.455532
0.45514
0.454307
0.453644
0.453499
0.452694
0.451961
0.451482
0.451231
0.450293
0.449687
0.44927
0.448575
0.447871
0.447299
0.446778
0.446137
0.44596
0.445382
0.445111
0.444731
0.444245
0.443794
0.443445
0.442707
0.442434
0.442055
0.441736
0.441126
0.440909
0.440514
0.439898
0.439938
0.439862
0.439476
0.439042
0.438712
0.438501
0.438212
0.437989
0.437226
0.436844
0.436639
0.435961
0.435401
0.434932
0.434452
0.433841
0.43351
0.433333
0.433047
0.432863
0.43257
0.432532
0.432418
0.432162
0.43171
0.43095
0.430707
0.430504
0.430287
0.430154
0.430083
0.429844
0.429707
0.429693
0.429381
0.429524
0.4294
0.429426
0.429234
0.428953
0.428887
0.428679
0.428386
0.427958
0.42759
0.427617
0.427555
0.42739
0.427311
0.427419
0.427329
0.427281
0.426941
0.426526
0.426837
0.426471
0.426199
0.425989
0.426007
0.425777
0.425429
0.425509
0.425577
0.425365
0.425269
0.425189
0.425308
0.425265
0.425128
0.425294
0.425172
0.425306
0.425271
0.425159
0.425148
0.425017
0.424901
0.424625
0.424558
0.424567
0.42422
0.424092
0.423916
0.424081
0.423828
0.42383
0.423721
0.423714
0.423363
0.423183
0.422873
0.422897
0.422721
0.42268
0.422499
0.422368
0.42229
0.422083
0.422173
0.422066
0.421981
0.421998
0.421944
0.421672
0.421529
0.421491
0.421434
0.421372
0.421298
0.421248
0.421141
0.421048
0.42101
0.421023
0.420996
0.420862
0.420702
0.42068
0.420507
0.420417
0.420531
0.420507
0.420474
0.420488
0.420412
0.420416
0.420382
0.42028
0.420378
0.420469
0.420448
0.420344
0.420313
0.420383
0.420136
0.420058
0.420029
0.419937
0.419811
0.419613
0.419512
0.41959
0.419453
0.419558
0.41955
0.419552
0.419472
0.419398
0.419276
0.419078
0.419138
0.419115
0.418938
0.418907
0.418857
0.418857
0.418742
0.41885
0.418839
0.41886
0.418894
0.419066
0.419006
0.418977
0.419182
0.419273
0.419305
0.419303
0.419333
0.419475
0.4194
0.419365
0.419335
0.419331
0.419324
0.419467
0.419593
0.41955
0.419457
0.419302
0.419261
0.419088
0.419255
0.419167
0.419236
0.419294
0.419238
0.419242
0.419241
0.419363
0.419389
0.419425
0.41956
0.419649
0.419791
0.419794
0.419784
0.419834
0.419891
0.419841
0.41996
0.419874
0.419835
0.419795
0.419691
0.419763
0.419908
0.419842
0.419932
0.420089
0.42012
0.420145
0.42006
0.420199
0.420339
0.420323
0.420391
0.420593
0.420725
0.420812
0.420927
0.420981
0.420975
0.421013
0.421094
0.421191
0.421122
0.421133
0.421122
0.421154
0.42113
0.421204
0.421371
0.421411
0.421587
0.421706
0.421721
0.421709
0.42179
0.421779
0.421761
0.421768
0.421836
0.421819
0.421862
0.421913
0.421879
0.422062
0.422144
0.422149
0.422197
0.422328
0.422379
0.422368
0.422216
0.422133
0.422159
0.422191
0.42222
0.422216
0.422313
0.422333
0.422437
0.422504
0.422563
0.422734
0.422931
0.422847
0.422904
0.42294
0.423009
0.422961
0.422936
0.42287
0.423011
0.423229
0.42315
0.423095
0.423045
0.423156
0.423166
0.423206
0.423255
0.423353
0.423435
0.42338
0.423423
0.423558
0.423571
0.423613
0.423613
0.423688
0.423814
0.423906
0.424053
0.424091
0.424145
0.424161
0.424327
0.424345
0.424345
0.424261
0.4244
0.42452
0.424612
0.424669
0.424749
0.424886
0.4249
0.425022
0.424983
0.425055
0.425005
0.425014
0.424998
0.424945
0.425044
0.425065
0.425181
0.425174
0.425136
0.425081
0.425075
0.425235
0.425221
0.425407
0.425411
0.425482
0.4255
0.425456
0.425447
0.425489
0.425566
0.425614
0.425575
0.425515
0.42545
0.425512
0.425585
0.425619
0.425654
0.425691
0.425754
0.425818
0.425797
0.425747
0.425859
0.425861
0.425877
0.425921
0.425983
0.426015
0.426053
0.426129
0.426279
0.426382
0.426414
0.426605
0.426601
0.426622
0.426631
0.42662
0.426654
0.426728
0.426902
0.426937
0.42692
0.426867
0.426837
0.426819
0.426912
0.426987
0.426993
0.426986
0.427005
0.426988
0.427034
0.426954
0.426896
0.426922
0.427036
0.427028
0.427006
0.427077
0.427083
0.427114
0.427218
0.427151
0.427142
0.427263
0.427277
0.427379
0.427458
0.427406
0.427433
0.427489
0.427604
0.427598
0.427667
0.427827
0.427847
0.427907
0.427904
0.42795
0.427953
0.428008
0.427952
0.427939
0.427913
0.427983
0.428062
0.428105
0.428092
0.428134
0.428183
0.428213
0.428235
0.428214
0.428281
0.428353
0.428378
0.42841
0.428496
0.428536
0.428667
0.428699
0.428813
0.428885
0.428951
0.428992
0.42902
0.429025
0.42911
0.429162
0.4292
0.429309
0.429391
0.429457
0.42956
0.429618
0.429645
0.429654
0.429665
0.429771
0.429758
0.429808
0.429864
0.429879
0.429909
0.42996
0.430063
0.430109
0.430199
0.430238
0.430277
0.430324
0.430325
0.430388
0.430408
0.430457
0.430427
0.430452
0.430549
0.430582
0.430663
0.43064
0.430661
0.430622
0.430704
0.430732
0.430781
0.430874
0.431003
0.431083
0.431179
0.431176
0.431223
0.431335
0.431306
0.431307
0.431311
0.431328
0.431347
0.431454
0.431469
0.431587
0.431576
0.431621
0.431682
0.431726
0.431709
0.431764
0.431882
0.431963
0.43205
0.432022
0.432058
0.432015
0.432066
0.432163
0.432263
0.432247
0.432348
0.432422
0.432472
0.432527
0.432621
0.432631
0.432721
0.432739
0.432749
0.432766
0.432812
0.4329
0.432993
0.432991
0.432972
0.433045
0.433055
0.433039
0.433026
0.433107
0.433168
0.433229
0.433204
0.433195
0.433225
0.433207
0.43328
0.433254
0.433343
0.433356
0.433409
0.433445
0.433465
0.433503
0.433502
0.433486
0.433496
0.433527
0.433668
0.433762
0.433841
0.433919
0.434021
0.434061
0.434169
0.434204
0.434207
0.434228
0.434293
0.434328
0.434413
0.434474
0.434468
0.434536
0.4345
0.434599
0.434655
0.434624
0.434728
0.434769
0.434777
0.434901
0.43493
0.434967
0.435083
0.435088
0.435099
0.435137
0.435255
0.43527
0.435311
0.435257
0.435262
0.435241
0.435284
0.4354
0.435457
0.435489
0.435483
0.435494
0.435567
0.435661
0.435731
0.435772
0.435774
0.435832
0.435903
0.435944
0.435992
0.436087
0.436125
0.43609
0.43616
0.436178
0.436164
0.436227
0.43622
0.436291
0.436341
0.436294
0.436291
0.436332
0.43636
0.436447
0.436537
0.436598
0.43667
0.436746
0.436718
0.436799
0.436864
0.436957
0.436971
0.436963
0.43701
0.43705
0.437125
0.437122
0.437105
0.437208
0.437229
0.437187
0.437242
0.437199
0.437252
0.437277
0.437306
0.437367
0.437395
0.437406
0.437365
0.437391
0.437383
0.437434
0.437461
0.437504
0.437511
0.437528
0.437517
0.437574
0.43759
0.437689
0.437694
0.437676
0.437657
0.437757
0.437804
0.437825
0.437883
0.437999
0.438032
0.4381
0.438115
0.438135
0.438181
0.438181
0.438186
0.438273
0.438334
0.43842
0.438388
0.438426
0.438455
0.438455
0.438474
0.438479
0.438543
0.438586
0.438652
0.438713
0.438795
0.438808
0.438859
0.438858
0.438936
0.438997
0.439065
0.439063
0.439071
0.439121
0.439138
0.439167
0.439206
0.439269
0.43933
0.439356
0.439367
0.43938
0.439424
0.439409
0.439485
0.439512
0.439494
0.4395
0.439595
0.439699
0.439743
0.439685
0.439722
0.439737
0.439797
0.439801
0.439836
0.439889
0.43992
0.439939
0.439989
0.440071
0.440099
0.440105
0.440161
0.440225
0.440279
0.440361
0.440421
0.44042
0.440433
0.440475
0.440492
0.440531
0.440577
0.44067
0.440705
0.440712
0.440733
0.440757
0.440749
0.440829
0.440915
0.440972
0.44102
0.441103
0.441198
0.441287
0.441357
0.441381
0.441375
0.441396
0.441418
0.441523
0.441515
0.441517
0.441584
0.441651
0.441668
0.441699
0.441791
0.441791
0.441804
0.44181
0.441773
0.441758
0.441742
0.441842
0.441899
0.441954
0.441986
0.442037
0.442046
0.44206
0.442107
0.4421
0.442103
0.442147
0.442148
0.442233
0.442291
0.442337
0.442379
0.442403
0.44245
0.44252
0.442535
0.442587
0.44259
0.442604
0.442667
0.442683
0.442739
0.442748
0.442789
0.442826
0.44284
0.442871
0.442936
0.442932
0.442957
0.442949
0.44303
0.443021
0.443013
0.443099
0.443143
0.443233
0.443259
0.443282
0.443311
0.443382
0.443407
0.443448
0.443475
0.443518
0.443572
0.443569
0.443621
0.443676
0.443692
0.443763
0.443779
0.44387
0.443849
0.44394
0.443952
0.444006
0.44399
0.444017
0.444015
0.444085
0.444082
0.444112
0.444149
0.444154
0.444129
0.444172
0.444198
0.444248
0.444231
0.444252
0.444269
0.4443
0.444354
0.444413
0.444446
0.444447
0.444531
0.444528
0.444598
0.444617
0.444655
0.444649
0.444682
0.444688
0.444704
0.444733
0.444743
0.44477
0.444865
0.444855
0.444926
0.44497
0.444974
0.445026
0.445005
0.445033
0.445098
0.445139
0.445187
0.445237
0.445295
0.445333
0.445411
0.44539
0.445426
0.44543
0.445495
