0.53663
0.531047
0.528721
0.519105
0.526732
0.52701
0.52381
0.523978
0.521803
0.51702
0.523506
0.527255
0.530761
0.53336
0.535281
0.538425
0.538273
0.539232
0.539716
0.541143
0.540404
0.54041
0.540253
0.539801
0.538187
0.53759
0.536719
0.535894
0.536049
0.537275
0.537811
0.538169
0.539135
0.538982
0.539426
0.539557
0.540334
0.540522
0.540614
0.541372
0.541987
0.542597
0.542808
0.542835
0.542587
0.54266
0.542326
0.542534
0.542538
0.542447
0.542368
0.541458
0.541002
0.541257
0.540144
0.539864
0.539938
0.539698
0.539447
0.539394
0.539521
0.539279
0.539345
0.538994
0.538686
0.539087
0.53965
0.539641
0.540149
0.539761
0.540445
0.541374
0.541859
0.54195
0.541873
0.541861
0.54174
0.541485
0.541099
0.541617
0.541399
0.541281
0.54175
0.541736
0.541434
0.541695
0.542043
0.54192
0.541987
0.541776
0.541862
0.541853
0.541628
0.541833
0.541591
0.5418
0.54167
0.542139
0.542344
0.541809
0.542036
0.542524
0.542409
0.542432
0.542598
0.542471
0.542417
0.542453
0.542809
0.542998
0.543205
0.543525
0.543461
0.5435
0.543578
0.543314
0.543188
0.543026
0.542739
0.54259
0.54296
0.543222
0.543352
0.543361
0.543004
0.543149
0.543462
0.543349
0.543388
0.543321
0.543488
0.543556
0.543767
0.543608
0.543612
0.543457
0.543469
0.543517
0.543311
0.543322
0.543311
0.543315
0.543279
0.542884
0.542616
0.542574
0.542539
0.542571
0.542603
0.542678
0.54281
0.542788
0.542717
0.5429
0.54291
0.543003
0.542595
0.542383
0.542717
0.542757
0.542573
0.542535
0.542551
0.542381
0.542352
0.542302
0.542277
0.542184
0.542209
0.542277
0.542122
0.542304
0.542329
0.542564
0.54245
0.542661
0.542696
0.542434
0.54262
0.542527
0.542344
0.542221
0.541986
0.541951
0.542132
0.542237
0.542266
0.542265
0.542494
0.542576
0.542607
0.542634
0.542745
0.542794
0.542727
0.542706
0.542841
0.542903
0.542967
0.543013
0.543202
0.543166
0.543053
0.542997
0.542967
0.543065
0.543038
0.542957
0.54281
0.542732
0.54267
0.542785
0.542726
0.542615
0.542886
0.542933
0.542981
0.542853
0.542834
0.542636
0.542556
0.542409
0.542327
0.542306
0.542371
0.542349
0.542369
0.542341
0.542309
0.542151
0.542003
0.541801
0.541778
0.541728
0.541697
0.541752
0.541823
0.541689
0.541851
0.541694
0.541603
0.541634
0.541682
0.5417
0.541599
0.541386
0.541557
0.541611
0.541655
0.541594
0.541613
0.541713
0.541731
0.541666
0.541581
0.5416
0.541719
0.541819
0.541828
0.541875
0.541942
0.541891
0.541786
0.541757
0.541672
0.541511
0.541495
0.541648
0.541507
0.541372
0.541426
0.541503
0.541468
0.541463
0.541551
0.541482
0.541584
0.541457
0.541377
0.541596
0.54159
0.541636
0.54155
0.541398
0.541418
0.541443
0.541434
0.541405
0.54133
0.541414
0.541235
0.541173
0.541113
0.541072
0.541061
0.541057
0.541053
0.541027
0.541037
0.540996
0.540973
0.541022
0.540908
0.540843
0.540875
0.540832
0.540774
0.540797
0.540688
0.540798
0.540938
0.540813
0.540787
0.540765
0.540823
0.540865
0.540785
0.540875
0.540826
0.540797
0.54079
0.540819
0.540871
0.540822
0.540857
0.540839
0.540809
0.540884
0.540873
0.540867
0.54091
0.540854
0.540773
0.540875
0.540837
0.540913
0.540866
0.54094
0.541068
0.541119
0.54114
0.541126
0.541076
0.541128
0.541
0.541014
0.541036
0.541125
0.541046
0.54102
0.541115
0.54112
0.541184
0.541109
0.541039
0.541127
0.541162
0.541172
0.541199
0.541129
0.541039
0.540997
0.541006
0.540924
0.540873
0.540948
0.540974
0.540914
0.540897
0.540772
0.540758
0.540766
0.540803
0.540854
0.540991
0.541021
0.541062
0.541159
0.541135
0.541171
0.541074
0.54105
0.541061
0.541142
0.541186
0.541266
0.541183
0.541271
0.541282
0.541399
0.541408
0.541517
0.541505
0.541486
0.541487
0.541446
0.54142
0.541431
0.54143
0.541491
0.541531
0.541501
0.541603
0.541693
0.541629
0.541592
0.541533
0.541466
0.541439
0.54142
0.541259
0.541246
0.541349
0.541286
0.541278
0.541328
0.541368
0.541365
0.541458
0.541472
0.54144
0.541509
0.541462
0.541408
0.541536
0.541605
0.541575
0.541506
0.541524
0.541597
0.541458
0.541506
0.541595
0.541546
0.541526
0.541436
0.541403
0.541323
0.541415
0.541447
0.541465
0.541377
0.541402
0.541344
0.541346
0.541313
0.541329
0.541323
0.541197
0.541177
0.541179
0.541067
0.541058
0.540979
0.540851
0.540807
0.540776
0.540718
0.540796
0.540668
0.540609
0.540577
0.54061
0.540568
0.540638
0.540666
0.540685
0.540697
0.540714
0.540696
0.540688
0.540656
0.54062
0.540553
0.540471
0.540553
0.540542
0.540562
0.540533
0.540548
0.540581
0.540547
0.540579
0.540518
0.540512
0.540485
0.540547
0.540511
0.540549
0.540469
0.540445
0.540448
0.54046
0.540492
0.540432
0.540423
0.540403
0.540323
0.540304
0.540287
0.540218
0.540107
0.540055
0.54001
0.539916
0.539907
0.539889
0.539887
0.539841
0.539834
0.539872
0.540015
0.539982
0.539987
0.539997
0.540014
0.540034
0.539975
0.539961
0.539943
0.539889
0.539966
0.539945
0.540014
0.540097
0.540097
0.54014
0.540086
0.54003
0.540108
0.540087
0.540119
0.540088
0.540038
0.539988
0.540001
0.540005
0.540069
0.540059
0.540067
0.540051
0.540058
0.540115
0.540138
0.540165
0.540133
0.540126
0.540126
0.540137
0.540116
0.540032
0.540035
0.540041
0.540063
0.540076
0.540051
0.540063
0.54008
0.540041
0.540075
0.540207
0.540164
0.54016
0.54014
0.540137
0.540118
0.540173
0.540187
0.540222
0.540239
0.540269
0.54032
0.540336
0.540353
0.540379
0.540323
0.540358
0.540389
0.540386
0.540378
0.540393
0.540349
0.540281
0.540307
0.540343
0.540307
0.540286
0.540212
0.540153
0.540072
0.540072
0.540026
0.540042
0.539987
0.53999
0.539963
0.539971
0.54001
0.539942
0.539977
0.539937
0.539877
0.539872
0.539877
0.539908
0.539866
0.539886
0.539852
0.539835
0.539814
0.539788
0.539797
0.53975
0.539749
0.539692
0.539668
0.539706
0.539682
0.539735
0.539734
0.539693
0.53977
0.539779
0.539761
0.539748
0.539772
0.539721
0.5397
0.539648
0.539631
0.539579
0.539593
0.539598
0.53958
0.539606
0.539609
0.539621
0.539591
0.539619
0.539605
0.539634
0.539657
0.539703
0.539718
0.53978
0.53984
0.539882
0.539893
0.539911
0.539909
0.539932
0.539896
0.539853
0.539834
0.539881
0.539916
0.539905
0.539891
0.539991
0.540023
0.540032
0.54006
0.540064
0.54004
0.540035
0.54005
0.54008
0.540069
0.540048
0.539995
0.539925
0.539879
0.539943
0.539927
0.539908
0.539964
0.539942
0.539886
0.539887
0.539871
0.539838
0.539849
0.539827
0.53984
0.539828
0.539779
0.539712
0.539697
0.539699
0.539656
0.539653
0.539615
0.539629
0.539629
0.53957
0.539562
0.539611
0.539565
0.539551
0.539558
0.539548
0.539548
0.539519
0.539507
0.539519
0.539545
0.53951
0.539521
0.539496
0.539391
0.539413
0.539454
0.539399
0.539388
0.539373
0.53936
0.539341
0.53937
0.539318
0.5393
0.539309
0.539227
0.539228
0.539209
0.539239
0.539278
0.539259
0.539302
0.539301
0.539356
0.539352
0.539322
0.539356
0.539405
0.539409
0.539399
0.539374
0.539354
0.539373
0.539407
0.5394
0.539394
0.53941
0.539433
0.539471
0.53947
0.539469
0.5394
0.53942
0.539376
0.539331
0.539309
0.539307
0.539272
0.539255
0.539262
0.539207
0.53917
0.539148
0.539142
0.539087
0.539038
0.538997
0.538949
0.538916
0.538922
0.538911
0.538906
0.538924
0.538862
0.538834
0.5388
0.538716
0.538703
0.5387
0.538712
0.538644
0.538653
0.538677
0.538677
0.538699
0.538708
0.538713
0.538727
0.538723
0.538728
0.538707
0.538671
0.538699
0.538661
0.538678
0.538679
0.538633
0.538555
0.538509
0.538514
0.538501
0.538461
0.538462
0.538469
0.538487
0.538523
0.53848
0.538512
0.538563
0.538506
0.538558
0.53863
0.538661
0.538683
0.538701
0.538737
0.53878
0.538747
0.538683
0.538692
0.538589
0.538602
0.538549
0.538504
0.538444
0.538426
0.538424
0.538459
0.538443
0.538421
0.538362
0.538334
0.538341
0.538347
0.538351
0.538358
0.538343
0.538346
0.538347
0.538384
0.538394
0.538445
0.538495
0.53854
0.53854
0.538548
0.538532
0.538503
0.538444
0.538423
0.538418
0.538409
0.538403
0.538401
0.53839
0.538369
0.538392
0.538375
0.538424
0.538454
0.538451
0.538451
0.538431
0.538403
0.538379
0.538383
0.538321
0.538306
0.538287
0.538259
0.538255
0.538264
0.538304
0.538303
0.538292
0.538278
0.538247
0.538251
0.538243
0.538221
0.538246
0.538215
0.538255
0.538265
0.538278
0.538281
0.53829
0.538273
0.53824
0.538229
0.538234
0.538232
0.538194
0.538178
0.538143
0.538149
0.538183
0.538192
0.538216
0.538204
0.538191
0.538173
0.53819
0.538165
0.538158
0.538103
0.538136
0.538084
0.538112
0.538127
0.538126
0.538113
0.538069
0.538017
0.537973
0.537941
0.537966
0.537973
0.537993
0.537976
0.53799
0.537953
0.537893
0.537866
0.537899
0.53786
0.537818
0.537811
0.537778
0.53777
0.53773
0.537697
0.537718
0.537689
0.537686
0.537676
0.537625
0.537585
0.537572
0.53757
0.537536
0.537507
0.537486
0.537445
0.537488
0.537505
0.537513
0.537517
0.537515
0.537525
0.537477
0.537463
0.537428
0.537399
0.537381
0.537404
0.537364
0.537365
0.537334
0.537321
0.537328
0.537287
0.537272
0.537259
0.537229
0.537283
0.537263
0.537225
0.537227
0.537252
0.537243
0.537223
0.537229
0.537197
0.537187
0.537228
0.537226
0.537216
0.537234
0.537255
0.537245
0.537244
0.537233
0.537252
0.537238
0.537253
0.537281
0.537348
0.537359
0.537347
0.53736
0.537344
0.537317
