0.901786
0.887565
0.864449
0.84931
0.831286
0.814538
0.801365
0.789218
0.776781
0.759381
0.75473
0.747554
0.739601
0.732433
0.724699
0.718652
0.711306
0.704117
0.697574
0.693159
0.685726
0.681305
0.673439
0.667298
0.661528
0.656082
0.649855
0.644242
0.639127
0.633489
0.629172
0.6233
0.61883
0.614327
0.610417
0.606744
0.602765
0.597731
0.594076
0.590833
0.586267
0.582291
0.57975
0.575799
0.572999
0.569273
0.566701
0.563914
0.561034
0.558369
0.556192
0.55403
0.551254
0.548887
0.547048
0.54495
0.543396
0.541709
0.539519
0.536895
0.533973
0.531737
0.529851
0.528209
0.526276
0.52419
0.522555
0.520964
0.519569
0.517675
0.516477
0.514896
0.513665
0.512763
0.511151
0.509581
0.508496
0.506782
0.505845
0.504824
0.503555
0.502481
0.501178
0.5002
0.49888
0.497798
0.496933
0.496578
0.495366
0.494477
0.493465
0.492518
0.49174
0.491068
0.489584
0.48897
0.48862
0.4881
0.487155
0.486823
0.485855
0.485046
0.484466
0.483321
0.482505
0.48188
0.480746
0.47977
0.478839
0.478377
0.47795
0.477299
0.47674
0.476089
0.475676
0.474747
0.474514
0.473789
0.473244
0.472856
0.471755
0.471535
0.471123
0.470926
0.470561
0.469926
0.469879
0.469546
0.469304
0.469029
0.468568
0.468343
0.467824
0.467697
0.467184
0.466903
0.466756
0.466215
0.465757
0.46539
0.464942
0.464526
0.463742
0.463226
0.46304
0.4629
0.462274
0.462104
0.462333
0.462017
0.461436
0.461464
0.461636
0.461178
0.46092
0.460577
0.460406
0.460198
0.459818
0.459792
0.45961
0.459798
0.459555
0.459393
0.459146
0.459214
0.458886
0.458753
0.458583
0.458184
0.458147
0.458068
0.458016
0.457904
0.45778
0.457356
0.457284
0.456927
0.456769
0.45657
0.456507
0.456467
0.456388
0.456088
0.456143
0.456297
0.45618
0.455919
0.455698
0.455739
0.455443
0.455285
0.455219
0.455114
0.455038
0.454794
0.454627
0.454433
0.454343
0.454211
0.45392
0.453622
0.453545
0.453435
0.45323
0.452781
0.452653
0.452574
0.452554
0.452308
0.452211
0.451917
0.451857
0.451892
0.451684
0.451379
0.451267
0.45128
0.451118
0.451073
0.450684
0.4504
0.450361
0.450134
0.450212
0.450047
0.449793
0.449647
0.449408
0.449146
0.449149
0.449036
0.448787
0.448795
0.448636
0.448381
0.448344
0.448239
0.448174
0.448163
0.448158
0.448074
0.447925
0.447945
0.44794
0.447788
0.447749
0.447782
0.447573
0.447415
0.447336
0.447502
0.447426
0.447295
0.447113
0.447044
0.44709
0.447136
0.44712
0.446989
0.446881
0.446891
0.446746
0.446735
0.446512
0.44638
0.446563
0.446638
0.446653
0.446671
0.446741
0.4467
0.446695
0.446625
0.446639
0.446665
0.4466
0.446605
0.44654
0.446529
0.446341
0.446269
0.446382
0.446266
0.446327
0.44645
0.446338
0.446338
0.446324
0.446297
0.446297
0.446125
0.446007
0.445981
0.445843
0.445825
0.445859
0.445698
0.445565
0.445644
0.445477
0.445476
0.445486
0.44537
0.445379
0.445318
0.445411
0.445124
0.445068
0.445069
0.444872
0.444739
0.444666
0.444679
0.444797
0.444798
0.44496
0.444909
0.444928
0.445063
0.445046
0.445255
0.445292
0.445265
0.445169
0.445179
0.445074
0.445098
0.44503
0.444961
0.444811
0.444833
0.444874
0.444941
0.444837
0.444751
0.444855
0.444763
0.444799
0.444772
0.444742
0.444528
0.444389
0.444481
0.444523
0.444509
0.444471
0.444357
0.44443
0.444384
0.444309
0.444349
0.444448
0.444626
0.444653
0.444657
0.44484
0.444816
0.444873
0.44492
0.444904
0.44506
0.44499
0.445016
0.445031
0.445091
0.445234
0.44521
0.445188
0.445185
0.445104
0.445063
0.445084
0.445313
0.445405
0.445364
0.44545
0.445397
0.445348
0.445409
0.445289
0.445359
0.445335
0.445293
0.445368
0.445347
0.44529
0.445341
0.445409
0.445423
0.44546
0.445545
0.445544
0.445557
0.445604
0.44555
0.445506
0.445495
0.445673
0.445582
0.445607
0.445493
0.44553
0.445537
0.445481
0.445641
0.445583
0.445709
0.445677
0.445652
0.445567
0.445556
0.445646
0.445801
0.445685
0.445641
0.445565
0.445533
0.445528
0.445519
0.445514
0.445508
0.445521
0.44554
0.445422
0.44538
0.445284
0.445348
0.445466
0.445439
0.445469
0.445513
0.445534
0.445457
0.445391
0.445437
0.445438
0.445467
0.445445
0.445451
0.44545
0.445509
0.445439
0.445504
0.445462
0.445439
0.445438
0.445456
0.445447
0.445488
0.445514
0.445488
0.445484
0.445557
0.445499
0.44556
0.445599
0.445682
0.445606
0.445609
0.445592
0.445661
0.445566
0.445605
0.445535
0.445527
0.445476
0.445544
0.445533
0.44549
0.445565
0.44554
0.445575
0.445687
0.445644
0.445614
0.445733
0.445755
0.44579
0.445825
0.44584
0.445848
0.445856
0.445819
0.445861
0.445961
0.44597
0.445992
0.445986
0.44595
0.445973
0.445824
0.445789
0.445806
0.445799
0.44584
0.445844
0.445885
0.44586
0.445945
0.445884
0.445952
0.445953
0.445951
0.445993
0.445992
0.446113
0.446088
0.446102
0.44615
0.446179
0.446094
0.446026
0.446075
0.446086
0.446212
0.446196
0.446223
0.44627
0.446173
0.44618
0.44622
0.446306
0.446447
0.446398
0.446425
0.446436
0.446406
0.4464
0.446393
0.446391
0.44632
0.446293
0.446275
0.446242
0.446305
0.446329
0.446363
0.446424
0.446551
0.446582
0.446692
0.446616
0.446564
0.446626
0.446596
0.446694
0.446751
0.446791
0.446875
0.446932
0.446934
0.446993
0.447098
0.447193
0.447278
0.447249
0.447216
0.447191
0.447269
0.447277
0.447337
0.447219
0.447293
0.447345
0.447389
0.447408
0.447487
0.447519
0.447523
0.44758
0.447584
0.44766
0.447602
0.447625
0.447665
0.447728
0.44773
0.447667
0.447706
0.447773
0.44779
0.447811
0.447811
0.447838
0.447888
0.447984
0.447883
0.447858
0.447939
0.447892
0.447979
0.448099
0.44813
0.448209
0.448224
0.448197
0.448259
0.448184
0.448199
0.448197
0.448233
0.448154
0.448113
0.448118
0.448094
0.44815
0.448207
0.44827
0.448269
0.448236
0.448244
0.448353
0.448365
0.448421
0.448436
0.448445
0.448494
0.448512
0.448507
0.448495
0.448527
0.448613
0.448613
0.448569
0.448664
0.448742
0.448826
0.448869
0.448903
0.449017
0.449049
0.449003
0.448962
0.448966
0.449018
0.448974
0.448947
0.448899
0.448904
0.448925
0.449021
0.449041
0.449127
0.449185
0.449198
0.449165
0.449208
0.449253
0.449328
0.449284
0.449325
0.449418
0.449421
0.449426
0.449451
0.44952
0.449623
0.449734
0.449747
0.44977
0.44976
0.449754
0.449857
0.449901
0.449954
0.449952
0.449943
0.449955
0.449958
0.450034
0.450097
0.450102
0.450186
0.450224
0.450189
0.450247
0.450309
0.450334
0.450329
0.450323
0.450291
0.450428
0.450437
0.450466
0.450467
0.450539
0.45051
0.450518
0.45062
0.450713
0.450729
0.4508
0.450767
0.45082
0.450861
0.4509
0.450988
0.451024
0.451037
0.451071
0.451074
0.451121
0.451155
0.451204
0.451222
0.451241
0.451312
0.451382
0.451428
0.451397
0.451464
0.451446
0.451471
0.451476
0.451537
0.451516
0.451562
0.451619
0.451644
0.451703
0.45178
0.451861
0.451916
0.45196
0.452008
0.451988
0.452021
0.451986
0.451994
0.452062
0.452093
0.45218
0.452212
0.452278
0.452309
0.452319
0.452384
0.45244
0.452431
0.452455
0.452484
0.452544
0.45259
0.452625
0.452621
0.452676
0.452708
0.452721
0.45278
0.452715
0.452763
0.452834
0.452854
0.452935
0.453011
0.453019
0.453022
0.453058
0.453126
0.453155
0.45316
0.453196
0.453282
0.453258
0.453283
0.453256
0.453234
0.45333
0.453403
0.453427
0.453439
0.453486
0.453516
0.453478
0.453532
0.45356
0.453612
0.45363
0.453635
0.453739
0.453752
0.453809
0.453844
0.453838
0.453836
0.453847
0.453853
0.453894
0.453851
0.453837
0.453839
0.45386
0.453857
0.453875
0.453859
0.453852
0.453866
0.453952
0.453964
0.454022
0.454056
0.454084
0.454103
0.454117
0.454154
0.454215
0.454143
0.454213
0.454232
0.454216
0.454226
0.454198
0.454231
0.454172
0.454256
0.454302
0.454345
0.45433
0.454338
0.454364
0.454311
0.454335
0.454377
0.454375
0.454421
0.45445
0.454504
0.454493
0.454517
0.454565
0.454576
0.454615
0.454577
0.454575
0.4546
0.454597
0.454586
0.454638
0.454708
0.454727
0.454774
0.454809
0.4548
0.454795
0.454832
0.45487
0.454924
0.454977
0.455
0.455081
0.455092
0.455147
0.455172
0.455158
0.455142
0.455179
0.455239
0.455248
0.455278
0.455342
0.455388
0.455402
0.455477
0.455517
0.455541
0.455594
0.45564
0.45566
0.455729
0.455751
0.455725
0.455749
0.455745
0.455743
0.455799
0.455812
0.455842
0.455874
0.4559
0.45597
0.456021
0.456054
0.456075
0.456104
0.45611
0.456109
0.456115
0.456171
0.456196
0.456213
0.456229
0.456284
0.456345
0.456324
0.456316
0.456351
0.456316
0.456394
0.456366
0.456391
0.456419
0.456467
0.456523
0.456545
0.456558
0.456617
0.456584
0.456648
0.456643
0.45669
0.456649
0.45666
0.456673
0.456675
0.456708
0.456752
0.456748
0.456759
0.4568
0.456827
0.456812
0.456821
0.456844
0.456851
0.456838
0.456812
0.456813
0.456837
0.456871
0.456928
0.45697
0.457071
0.457106
0.457095
0.457128
0.457171
0.457213
0.457223
0.457229
0.457251
0.457311
0.457406
0.457424
0.457413
0.457435
0.457432
0.457437
0.457472
0.457467
0.457488
0.457509
0.457513
0.457567
0.457575
0.457588
0.457605
0.45759
0.457624
0.457657
0.457682
0.457699
0.457761
0.457828
0.457842
0.45788
0.457863
0.457905
0.457882
0.457926
0.457916
0.457942
0.457958
0.45796
0.45792
0.457957
0.457985
0.458027
0.458062
0.458067
0.458119
0.458162
0.458111
0.458211
0.458257
0.458303
0.458276
0.458302
0.458362
0.458387
0.458364
0.45839
0.458361
0.45841
0.458435
0.458445
0.458437
0.458503
0.458503
