0.856707
0.826484
0.794118
0.789234
0.776909
0.750883
0.7246
0.702918
0.68043
0.664434
0.660652
0.655105
0.648627
0.643536
0.634611
0.628537
0.621937
0.613857
0.604286
0.599425
0.593308
0.586513
0.579422
0.573508
0.566425
0.56179
0.554959
0.548471
0.545179
0.542265
0.538614
0.533968
0.528856
0.523931
0.520361
0.517148
0.514498
0.511809
0.509089
0.506182
0.502943
0.498617
0.494108
0.490985
0.488388
0.485969
0.483215
0.480228
0.477177
0.474677
0.473296
0.471591
0.469741
0.467332
0.465051
0.463068
0.462606
0.460774
0.458077
0.456557
0.454537
0.452709
0.451254
0.45019
0.448402
0.446816
0.444897
0.443703
0.442355
0.440831
0.439814
0.437781
0.437585
0.435917
0.434703
0.432824
0.431831
0.430117
0.429849
0.42874
0.427883
0.42678
0.426271
0.424873
0.423892
0.422579
0.421767
0.421113
0.420682
0.419298
0.418289
0.418099
0.417043
0.416092
0.415399
0.414598
0.414564
0.413352
0.412745
0.411869
0.411331
0.411216
0.411054
0.41054
0.410094
0.40916
0.408248
0.407855
0.406952
0.406712
0.406027
0.405511
0.405358
0.404859
0.40498
0.404363
0.403873
0.40312
0.402668
0.402045
0.40128
0.400688
0.399772
0.399454
0.399168
0.398337
0.397419
0.397317
0.397328
0.396888
0.396509
0.396156
0.396025
0.395539
0.394806
0.39448
0.394241
0.393707
0.393323
0.393173
0.393048
0.392348
0.392153
0.392038
0.391667
0.391206
0.39136
0.390993
0.390605
0.390257
0.389814
0.389489
0.389516
0.389529
0.389283
0.388891
0.388809
0.38831
0.388511
0.388457
0.388296
0.387754
0.387584
0.387298
0.386929
0.386914
0.38677
0.386751
0.386437
0.386372
0.385986
0.385946
0.386207
0.385879
0.385484
0.385283
0.385274
0.385354
0.385159
0.385339
0.385057
0.384674
0.384325
0.384271
0.384241
0.384101
0.384348
0.384335
0.384239
0.384284
0.384058
0.383808
0.383831
0.383788
0.383529
0.383128
0.38286
0.382639
0.382534
0.382528
0.382511
0.382507
0.382536
0.382483
0.382309
0.382545
0.382471
0.382358
0.382219
0.38206
0.38201
0.381785
0.381466
0.381141
0.380924
0.380992
0.380748
0.380976
0.380771
0.380663
0.380644
0.380604
0.380304
0.380008
0.379948
0.379985
0.379832
0.37966
0.379502
0.379702
0.379761
0.379729
0.379672
0.379619
0.379755
0.379648
0.379062
0.378971
0.378959
0.379118
0.379146
0.379288
0.379238
0.379178
0.379302
0.379478
0.379492
0.37965
0.379626
0.379796
0.379625
0.379554
0.379334
0.37946
0.37944
0.379598
0.37949
0.37926
0.379209
0.379051
0.378939
0.378875
0.378782
0.37865
0.37848
0.378428
0.37815
0.37819
0.378239
0.378233
0.378116
0.37797
0.377922
0.377884
0.378219
0.378118
0.378021
0.377904
0.377959
0.377989
0.378174
0.377885
0.377846
0.377903
0.377976
0.377946
0.377873
0.377887
0.378044
0.378039
0.377898
0.378166
0.378263
0.378168
0.378186
0.378289
0.378101
0.37808
0.378012
0.377833
0.377625
0.377682
0.377679
0.377766
0.377888
0.377917
0.377787
0.377891
0.377821
0.377783
0.377642
0.37767
0.377738
0.37771
0.377452
0.377442
0.377428
0.377359
0.377281
0.377201
0.377152
0.377095
0.37723
0.377148
0.377077
0.37693
0.377089
0.37719
0.377198
0.377184
0.377079
0.377008
0.376988
0.377103
0.377046
0.377052
0.377331
0.377355
0.37732
0.377618
0.377718
0.377737
0.377776
0.377846
0.377682
0.377636
0.377567
0.377487
0.377504
0.377367
0.377383
0.377188
0.377018
0.376969
0.37691
0.376814
0.376668
0.376667
0.376813
0.376808
0.376618
0.3767
0.376495
0.376469
0.376499
0.376523
0.37671
0.376695
0.376803
0.376804
0.376783
0.376638
0.376516
0.376477
0.376689
0.376766
0.376737
0.376873
0.376767
0.376734
0.376655
0.376634
0.376682
0.376788
0.376876
0.376847
0.376956
0.377131
0.377145
0.377183
0.377251
0.377293
0.377368
0.377529
0.37761
0.377616
0.377525
0.377554
0.377486
0.377806
0.377786
0.377842
0.377914
0.378104
0.378181
0.378159
0.378133
0.378103
0.378007
0.378284
0.378083
0.378043
0.378124
0.378187
0.378114
0.37815
0.378149
0.378139
0.37826
0.378198
0.378235
0.378267
0.378315
0.378365
0.378266
0.37815
0.378067
0.377988
0.37799
0.377995
0.378029
0.378027
0.378157
0.37809
0.378245
0.378325
0.378269
0.378317
0.37824
0.378279
0.378259
0.378218
0.378196
0.378099
0.378104
0.378182
0.378128
0.378168
0.378085
0.378185
0.378203
0.378237
0.378375
0.378392
0.378476
0.378384
0.378493
0.378522
0.378468
0.378494
0.378482
0.378293
0.378248
0.378271
0.378354
0.378377
0.378437
0.378503
0.378534
0.378548
0.378712
0.378734
0.378679
0.378719
0.378678
0.378711
0.37875
0.378885
0.378897
0.378993
0.378864
0.378915
0.379019
0.37898
0.378929
0.378917
0.37903
0.379002
0.37901
0.378964
0.378995
0.378924
0.37903
0.379166
0.3793
0.379336
0.379306
0.379389
0.379447
0.379522
0.379389
0.379368
0.379265
0.379311
0.379403
0.379314
0.379371
0.379449
0.379519
0.379575
0.379572
0.379525
0.379605
0.379478
0.379441
0.379594
0.379767
0.379836
0.379901
0.379896
0.379906
0.379801
0.379794
0.379834
0.379901
0.379734
0.379835
0.379886
0.379807
0.379829
0.379806
0.379888
0.379797
0.379883
0.379853
0.379783
0.37983
0.379927
0.380026
0.380123
0.380199
0.380219
0.380278
0.380208
0.380327
0.380507
0.380499
0.380589
0.380521
0.380503
0.380556
0.380587
0.380708
0.380655
0.380669
0.380768
0.380842
0.380867
0.380917
0.380966
0.380996
0.381069
0.381081
0.38113
0.381195
0.381189
0.381244
0.381275
0.381316
0.38132
0.381348
0.38133
0.381308
0.381309
0.3814
0.381409
0.381375
0.381372
0.381352
0.381397
0.381399
0.381336
0.381334
0.381329
0.381354
0.381373
0.381406
0.381464
0.381508
0.381587
0.381561
0.381553
0.381504
0.381566
0.38148
0.381424
0.381382
0.381434
0.381404
0.381448
0.381455
0.381444
0.381475
0.381445
0.381499
0.381419
0.381505
0.381504
0.381402
0.381563
0.381591
0.381559
0.381462
0.381562
0.381606
0.3817
0.381694
0.381703
0.381709
0.381681
0.381701
0.381719
0.381745
0.381733
0.381815
0.381769
0.381798
0.381906
0.381943
0.382022
0.382152
0.3822
0.382061
0.381987
0.382079
0.382037
0.38215
0.382046
0.381907
0.381984
0.382053
0.382075
0.382055
0.382012
0.381973
0.381969
0.381895
0.381861
0.381949
0.381899
0.382015
0.382007
0.381936
0.38197
0.382066
0.38217
0.382153
0.382219
0.382423
0.382521
0.382508
0.382542
0.38257
0.382623
0.382603
0.382678
0.382628
0.382669
0.382703
0.382749
0.382807
0.382848
0.38289
0.382913
0.382946
0.382999
0.38302
0.383088
0.383072
0.383121
0.383129
0.383143
0.383209
0.383283
0.383282
0.383349
0.383398
0.383352
0.383377
0.383334
0.38336
0.383402
0.38341
0.383505
0.383479
0.383462
0.383498
0.383417
0.383499
0.383491
0.383492
0.383631
0.383554
0.383591
0.383514
0.383655
0.38365
0.38368
0.383684
0.383622
0.38363
0.383727
0.383784
0.38378
0.383761
0.383669
0.383623
0.383715
0.383754
0.383761
0.383807
0.383812
0.383794
0.38392
0.384014
0.384031
0.384015
0.383918
0.383925
0.38398
0.384028
0.383979
0.383999
0.383972
0.384174
0.384199
0.384178
0.384156
0.384237
0.384324
0.384364
0.384317
0.384331
0.384317
0.384325
0.384392
0.384383
0.384387
0.384376
0.384471
0.384489
0.384509
0.384606
0.384625
0.384691
0.384781
0.384865
0.384907
0.384915
0.384946
0.384965
0.384993
0.385034
0.384999
0.385065
0.385009
0.385104
0.385254
0.3853
0.385311
0.385346
0.385374
0.38541
0.385381
0.385434
0.385507
0.385491
0.385418
0.385422
0.385413
0.3854
0.385394
0.385393
0.385453
0.385394
0.385421
0.385434
0.385508
0.385528
0.38554
0.385562
0.385628
0.385715
0.385786
0.385818
0.385855
0.385796
0.385814
0.385765
0.385862
0.385909
0.385922
0.385992
0.385985
0.385968
0.386007
0.385971
0.385924
0.386035
0.386013
0.385967
0.385946
0.385874
0.385827
0.385826
0.385884
0.385905
0.385902
0.385911
0.38588
0.385898
0.385905
0.385915
0.385933
0.386002
0.386047
0.386087
0.386107
0.386033
0.386114
0.386185
0.386186
0.386173
0.386209
0.386158
0.386113
0.386054
0.386035
0.386082
0.386108
0.386083
0.386154
0.386085
0.386135
0.386162
0.3862
0.386232
0.386258
0.386294
0.386316
0.386331
0.386321
0.386408
0.386507
0.386484
0.386457
0.386452
0.386521
0.386533
0.386554
0.38658
0.386658
0.386613
0.386637
0.386665
0.386702
0.386658
0.386653
0.386683
0.386788
0.386828
0.386779
0.386795
0.386794
0.386838
0.386848
0.38687
0.386889
0.386921
0.386921
0.386941
0.386843
0.386836
0.38686
0.386914
0.386853
0.386919
0.38695
0.386975
0.386969
0.387033
0.387035
0.38712
0.387156
0.387175
0.387211
0.387231
0.387284
0.387278
0.387302
0.387244
0.387302
0.387315
0.387318
0.387346
0.387371
0.387381
0.387391
0.387402
0.387361
0.387396
0.387391
0.387299
0.387276
0.387232
0.387262
0.38725
0.387218
0.387259
0.387326
0.387367
0.387436
0.387429
0.387549
0.387619
0.387646
0.387635
0.387609
0.387576
0.387562
0.38762
0.387681
0.387719
0.387749
0.387804
0.387835
0.387903
0.387949
0.387993
0.387968
0.388001
0.388084
0.388145
0.388106
0.38808
0.388057
0.388078
0.388124
0.388124
0.388142
0.388223
0.388265
0.388326
0.388425
0.388444
0.388573
0.388546
0.388516
0.388512
0.388533
0.388598
0.388578
0.388569
0.388613
0.38855
0.388487
0.388465
0.388412
0.388417
0.388378
0.388418
0.38847
0.388374
0.388379
0.388411
0.388419
0.388452
0.388434
0.388469
0.388473
0.388456
0.388451
0.388456
0.388497
0.388623
0.388591
0.388638
0.388642
0.388658
0.388645
0.388607
0.388639
0.388701
0.388711
0.388838
0.388877
0.38893
0.388983
0.388979
