0.564486
0.55888
0.558861
0.548081
0.548399
0.551097
0.558515
0.554035
0.553107
0.554167
0.554655
0.555678
0.55533
0.555016
0.55592
0.556082
0.555878
0.557415
0.558736
0.560765
0.562088
0.562807
0.562778
0.56252
0.561645
0.561714
0.56042
0.560463
0.5603
0.560596
0.558919
0.559124
0.558601
0.558391
0.559311
0.558643
0.557962
0.557179
0.557018
0.556541
0.557161
0.557263
0.557217
0.556832
0.556945
0.55708
0.557471
0.557753
0.557289
0.556553
0.55629
0.55523
0.554419
0.554444
0.554385
0.553761
0.552223
0.551805
0.552034
0.551689
0.55193
0.551723
0.5511
0.551682
0.551892
0.552548
0.552352
0.551731
0.551036
0.551004
0.550776
0.55059
0.549411
0.549467
0.550027
0.549986
0.549501
0.549433
0.549417
0.54925
0.549056
0.548648
0.548595
0.548478
0.548173
0.548014
0.548128
0.547693
0.547938
0.547677
0.547009
0.546853
0.546847
0.546978
0.54658
0.546936
0.546844
0.546334
0.54599
0.546183
0.545711
0.545891
0.545827
0.545864
0.545882
0.545809
0.545853
0.546092
0.546247
0.546194
0.546386
0.546299
0.546055
0.545904
0.546094
0.545959
0.545926
0.546532
0.54664
0.546849
0.546785
0.546855
0.546838
0.547194
0.547196
0.547082
0.547078
0.54728
0.547094
0.547033
0.547301
0.547295
0.547046
0.547223
0.547019
0.547125
0.547
0.546904
0.547178
0.547105
0.547231
0.547184
0.547173
0.546848
0.546928
0.546897
0.546931
0.546741
0.546393
0.546426
0.546628
0.546422
0.546389
0.546305
0.546248
0.546282
0.546208
0.546206
0.546232
0.546229
0.546056
0.54617
0.546301
0.546335
0.546258
0.546272
0.546218
0.546161
0.546028
0.546031
0.546117
0.546013
0.546152
0.546067
0.545928
0.545746
0.545814
0.545626
0.545555
0.545756
0.545691
0.545576
0.54565
0.545641
0.545724
0.545495
0.545226
0.545248
0.545256
0.545376
0.545299
0.545194
0.544985
0.544919
0.544938
0.545121
0.545023
0.544972
0.544647
0.544675
0.544431
0.54444
0.544362
0.544306
0.54418
0.544001
0.543932
0.544238
0.544101
0.544179
0.544308
0.544366
0.544248
0.544105
0.544067
0.544012
0.544065
0.54394
0.543938
0.543892
0.544016
0.544179
0.544217
0.544327
0.544394
0.544374
0.544264
0.544126
0.54409
0.544083
0.544099
0.543948
0.543868
0.543861
0.543755
0.543633
0.543505
0.543451
0.543415
0.543443
0.543322
0.543239
0.543275
0.543116
0.543168
0.543001
0.54281
0.542824
0.542827
0.542588
0.542744
0.54264
0.54263
0.542711
0.542653
0.54268
0.542691
0.542418
0.542404
0.542313
0.542355
0.542421
0.542367
0.542428
0.542351
0.542374
0.542391
0.542351
0.542356
0.542201
0.542194
0.542129
0.542196
0.542092
0.541914
0.542025
0.542022
0.542022
0.542087
0.542004
0.54214
0.542095
0.542179
0.542309
0.542393
0.542446
0.542493
0.542523
0.542403
0.542316
0.542344
0.5423
0.54217
0.542112
0.542057
0.54217
0.542158
0.542154
0.542087
0.542023
0.542059
0.541985
0.541893
0.541882
0.541893
0.541916
0.541893
0.541883
0.541838
0.541827
0.541867
0.541809
0.541812
0.542024
0.542019
0.541968
0.54201
0.542077
0.542004
0.541989
0.541976
0.541881
0.541918
0.541981
0.541927
0.542055
0.54211
0.542085
0.542082
0.541966
0.541956
0.541952
0.541848
0.541823
0.541782
0.54184
0.541594
0.541603
0.541674
0.541638
0.541527
0.541426
0.541451
0.541379
0.54134
0.54127
0.541196
0.541192
0.541144
0.541212
0.541148
0.541208
0.541167
0.541105
0.541032
0.540896
0.540929
0.540881
0.540908
0.540856
0.540956
0.540905
0.540861
0.540776
0.54084
0.540746
0.540746
0.540746
0.54079
0.540689
0.540706
0.540722
0.540766
0.540781
0.540788
0.540763
0.540801
0.540866
0.540909
0.540962
0.540962
0.540957
0.540881
0.540982
0.540984
0.541005
0.541014
0.54103
0.540974
0.540998
0.541013
0.540915
0.540732
0.540732
0.540806
0.540702
0.540617
0.540628
0.540591
0.540613
0.540557
0.540546
0.540612
0.540598
0.54056
0.540488
0.54048
0.540485
0.540415
0.540321
0.540295
0.540178
0.540166
0.540086
0.540108
0.539981
0.539929
0.539964
0.53982
0.53974
0.539772
0.539654
0.539652
0.539673
0.539686
0.539669
0.53959
0.539631
0.539519
0.53946
0.53942
0.539355
0.539339
0.539252
0.539328
0.539213
0.539193
0.539149
0.539113
0.539173
0.539067
0.539107
0.53907
0.539146
0.539152
0.539047
0.539051
0.539132
0.539237
0.539233
0.539306
0.539351
0.539349
0.53928
0.53933
0.539362
0.539398
0.539446
0.539385
0.53937
0.539418
0.539426
0.539481
0.539528
0.539615
0.539519
0.539459
0.539447
0.539432
0.539341
0.539288
0.539251
0.539153
0.539099
0.539065
0.539069
0.539127
0.539098
0.539118
0.5391
0.539134
0.539188
0.539173
0.53919
0.539213
0.539184
0.539144
0.53913
0.539169
0.539168
0.539103
0.539072
0.53908
0.539019
0.539027
0.539035
0.538898
0.538875
0.538898
0.538879
0.538901
0.538831
0.53879
0.53877
0.538744
0.538724
0.538679
0.538706
0.538746
0.538735
0.53865
0.538701
0.538699
0.538657
0.538651
0.538636
0.538646
0.538725
0.538714
0.538719
0.538673
0.538669
0.538634
0.538641
0.538526
0.538575
0.538555
0.538542
0.53854
0.538617
0.538579
0.538497
0.538499
0.5385
0.538505
0.53852
0.538518
0.538541
0.538527
0.538556
0.538638
0.538578
0.538624
0.538655
0.5387
0.53876
0.538805
0.5389
0.538934
0.538919
0.538888
0.538852
0.538886
0.538926
0.53889
0.538887
0.538824
0.538849
0.538839
0.538805
0.538776
0.538741
0.538675
0.538709
0.538652
0.538667
0.53867
0.538583
0.538612
0.538488
0.538529
0.538494
0.538483
0.538553
0.538595
0.538613
0.538549
0.538485
0.538481
0.538471
0.538458
0.538435
0.538472
0.538426
0.538387
0.538407
0.538397
0.538418
0.53842
0.538452
0.538443
0.538473
0.538509
0.538473
0.538428
0.538421
0.53841
0.538354
0.53837
0.538368
0.538364
0.538355
0.538377
0.538314
0.53828
0.538304
0.538347
0.538364
0.538306
0.538305
0.538345
0.538311
0.538388
0.538392
0.538409
0.53842
0.538358
0.538382
0.538335
0.538363
0.538332
0.538269
0.538261
0.53825
0.538226
0.53828
0.538242
0.538221
0.538235
0.538298
0.538224
0.538248
0.538224
0.538208
0.538185
0.538181
0.538144
0.538111
0.538105
0.538055
0.538031
0.538007
0.537976
0.538003
0.537969
0.537989
0.538025
0.538028
0.538067
0.538102
0.538178
0.538222
0.538171
0.538196
0.538236
0.538207
0.538201
0.53821
0.538222
0.538275
0.538265
0.538242
0.538269
0.538275
0.5382
0.53818
0.538196
0.538181
0.538178
0.538154
0.538163
0.538101
0.538079
0.53804
0.538038
0.537991
0.537953
0.537903
0.537909
0.537946
0.537982
0.538023
0.538036
0.537999
0.537981
0.537991
0.537981
0.537934
0.537995
0.537981
0.537963
0.537961
0.537932
0.537891
0.537853
0.537871
0.537879
0.537827
0.53784
0.537811
0.537756
0.53781
0.537829
0.537809
0.537753
0.537694
0.537735
0.537726
0.537694
0.537716
0.537712
0.537653
0.537673
0.537682
0.537596
0.537518
0.537458
0.537404
0.537424
0.537377
0.5374
0.537371
0.537364
0.537373
0.537396
0.537339
0.537381
0.537363
0.537348
0.537343
0.537301
0.537274
0.537217
0.537209
0.537171
0.537152
0.537114
0.537054
0.53709
0.537072
0.537106
0.537149
0.537188
0.537214
0.537245
0.537266
0.537319
0.537338
0.537362
0.537403
0.537456
0.537478
0.53749
0.537497
0.537521
0.537433
0.537399
0.537456
0.537477
0.537498
0.537526
0.537525
0.537526
0.537519
0.537504
0.537539
0.537516
0.537506
0.537475
0.537454
0.537431
0.537375
0.537355
0.537358
0.537382
0.537379
0.537413
0.53743
0.537488
0.537503
0.537482
0.537488
0.537483
0.537485
0.537384
0.537373
0.53731
0.53728
0.537247
0.537213
0.537154
0.537145
0.53714
0.537153
0.537155
0.537201
0.53716
0.537138
0.537122
0.537136
0.537108
0.537091
0.537082
0.53706
0.537034
0.537034
0.537029
0.537013
0.537001
0.536984
0.537007
0.53703
0.537046
0.537047
0.537076
0.537067
0.537044
0.537014
0.537006
0.536996
0.537032
0.537006
0.537048
0.537006
0.53701
0.536991
0.536959
0.536967
0.536964
0.536949
0.536926
0.536893
0.536894
0.536928
0.536964
0.536979
0.536998
0.536997
0.536948
0.536984
0.536973
0.536945
0.536957
0.536936
0.536932
0.536894
0.536886
0.536869
0.536841
0.536832
0.536864
0.536833
0.536841
0.53683
0.536827
0.536822
0.536839
0.536838
0.536841
0.536814
0.536841
0.536838
0.536802
0.536748
0.536776
0.536761
0.536773
0.536813
0.536773
0.536793
0.536786
0.536792
0.536796
0.536789
0.536783
0.536792
0.536748
0.536768
0.536783
0.536821
0.536803
0.536845
0.536761
0.53673
0.536757
0.536783
0.536767
0.536745
0.536755
0.536755
0.536756
0.536779
0.53678
0.536786
0.5368
0.536807
0.536782
0.536809
0.536831
0.536803
0.536787
0.536768
0.536697
0.53669
0.53671
0.536712
0.536729
0.53673
0.536746
0.536743
0.53674
0.536746
0.536778
0.536808
0.53681
0.536789
0.536726
0.536747
0.536738
0.536704
0.536716
0.536742
0.536737
0.536752
0.536747
0.536747
0.536758
0.536743
0.536763
0.536758
0.53676
0.536758
0.536747
0.536787
0.536822
0.536777
0.536751
0.536767
0.536791
0.536823
0.536834
0.536828
0.536797
0.53678
0.5368
0.536795
0.536779
0.536747
0.536727
0.536706
0.536712
0.536752
0.536745
0.536773
0.536713
0.536713
0.536727
0.536735
0.536762
0.536764
0.536766
0.536763
0.536751
0.536707
0.536688
0.536686
0.536701
0.536708
0.536741
0.536759
0.536774
0.536773
0.53675
0.536701
0.536706
0.536691
0.536669
0.536639
0.53661
0.536611
0.536581
0.536527
0.536531
0.536533
0.536529
0.536539
0.536527
0.536577
0.536551
