0.974589
0.906736
0.812004
0.737213
0.685477
0.654303
0.63723
0.619233
0.60889
0.595195
0.592197
0.589439
0.58659
0.583219
0.580541
0.578356
0.576089
0.574436
0.572996
0.571284
0.568765
0.567545
0.565489
0.564895
0.563141
0.562944
0.561692
0.561439
0.561502
0.560443
0.56053
0.561227
0.560424
0.559472
0.559766
0.559667
0.559525
0.558318
0.558049
0.558234
0.558745
0.558152
0.559164
0.55903
0.55821
0.5586
0.558079
0.557115
0.557082
0.55761
0.557378
0.557918
0.558806
0.558866
0.559161
0.559677
0.559783
0.55973
0.559775
0.559972
0.559988
0.559488
0.559286
0.559615
0.558693
0.558844
0.558565
0.557698
0.557728
0.557924
0.558344
0.558477
0.559588
0.55995
0.560241
0.560562
0.560797
0.561061
0.560829
0.560612
0.560903
0.561079
0.561039
0.561119
0.560444
0.561146
0.561492
0.561394
0.561585
0.561749
0.561752
0.562071
0.562155
0.562401
0.562367
0.562438
0.562442
0.56227
0.562195
