0.960725
0.872111
0.727642
0.655914
0.600122
0.56544
0.543459
0.529389
0.514925
0.501819
0.498124
0.492678
0.489306
0.486658
0.483011
0.478373
0.476374
0.473511
0.469392
0.466077
0.465061
0.46237
0.460415
0.457569
0.457133
0.455046
0.453555
0.451887
0.450548
0.451014
0.450864
0.449852
0.44979
0.450113
0.449432
0.448337
0.448744
0.447437
0.44799
0.447474
0.447465
0.446995
0.44621
0.445882
0.445341
0.44625
0.446267
0.446559
0.445746
0.445493
0.44678
0.447001
0.448232
0.448189
0.448599
0.447711
0.448151
0.448847
0.448528
0.448054
0.448701
0.44927
0.447989
0.447518
0.447625
0.446945
0.446795
0.447189
0.446484
0.446744
0.446431
0.445867
0.446153
0.446323
0.444813
0.444404
0.44458
0.4448
0.445171
0.445132
0.4443
0.444641
0.444781
0.444585
0.444773
0.445037
0.444917
0.444798
0.444613
0.44432
0.443915
0.443757
0.443514
0.443796
0.444689
0.444313
0.444692
0.444934
0.444898
