0.396484
0.41635
0.409091
0.415377
0.415248
0.414037
0.422423
0.42001
0.420382
0.419189
0.419923
0.420473
0.421813
0.422076
0.422276
0.423293
0.42489
0.425013
0.426469
0.426944
0.428298
0.427876
0.42799
0.428378
0.429642
0.428729
0.42741
0.427558
0.428778
0.428789
0.428879
0.428171
0.427208
0.4278
0.428922
0.43052
0.431228
0.432242
0.432236
0.432223
0.432312
0.433447
0.433818
0.434563
0.434519
0.435047
0.434309
0.434781
0.434779
0.434636
0.434848
0.434781
0.435405
0.434423
0.434235
0.433459
0.433692
0.433483
0.432932
0.433083
0.43292
0.433513
0.433735
0.433131
0.432306
0.431664
0.431237
0.430946
0.431233
0.431324
0.431521
0.431559
0.432003
0.432129
0.432314
0.433025
0.433069
0.432823
0.432863
0.432752
0.432997
0.433108
0.433002
0.433377
0.432963
0.432995
0.43327
0.433105
0.432902
