0.824561
0.795322
0.783285
0.772096
0.751472
0.743276
0.726928
0.707093
0.688418
0.677837
0.672269
0.666399
0.659389
0.650344
0.642315
0.632444
0.62825
0.620675
0.613472
0.605442
0.598877
0.594309
0.587612
0.582726
0.576511
0.570372
0.564511
0.559352
0.55394
0.547786
0.542418
0.537835
0.53265
0.527354
0.523758
0.51814
0.514453
0.510366
0.507214
0.503764
0.499698
0.496614
0.493227
0.489613
0.487243
0.483631
0.480052
0.475997
0.47257
0.4706
0.467592
0.464411
0.461432
0.459075
0.456959
0.454563
0.453113
0.450602
0.449905
0.448782
0.44731
0.445788
0.444187
0.44278
0.441009
0.438596
0.437759
0.436108
0.434493
0.433391
0.431565
0.429967
0.429197
0.428412
0.426572
0.4252
0.423636
0.421802
0.420493
0.420158
0.41854
0.416979
0.415924
0.414619
0.413522
0.412561
0.411045
0.410171
0.408933
0.408116
0.406595
0.405956
0.404972
0.40379
0.403598
0.402924
0.401923
0.401463
0.400472
0.399338
0.398969
0.398327
0.39762
0.396628
0.396026
0.395407
0.395147
0.39509
0.394357
0.39354
0.393167
0.39216
0.391884
0.391245
0.390565
0.390267
0.390153
0.390093
0.389473
0.389051
0.38875
0.388384
0.388051
0.38713
0.387026
0.38622
0.38552
0.384763
0.384738
0.384556
0.384177
0.38368
0.383347
0.383156
0.382972
0.382386
0.382402
0.382491
0.381982
0.38167
0.381445
0.380889
0.380655
0.380438
0.380057
0.379741
0.379316
0.379102
0.379066
0.378678
0.37888
0.378788
0.379063
0.378798
0.378602
0.378289
0.378244
0.378037
0.378269
0.378124
0.377738
0.377778
0.377603
0.377101
0.376971
0.376354
0.37627
0.376379
0.376496
0.376417
0.376286
0.376061
0.375822
0.375567
0.375453
0.375531
0.375499
0.375412
0.375289
0.375483
0.375393
0.37514
0.375033
0.374768
0.374441
0.374343
0.374374
0.374221
0.373776
0.373813
0.373681
0.373213
0.373083
0.372994
0.37302
0.373313
0.373222
0.373242
0.373034
0.37281
0.372676
0.37252
0.37261
0.372434
0.372397
0.37224
0.372199
0.372296
0.372244
0.372115
0.371807
0.37148
0.371083
0.371016
0.370998
0.370787
0.370642
0.370778
0.370937
0.370996
0.370898
0.37062
0.37053
0.370686
0.370738
0.371052
0.370981
0.370702
0.370554
0.37031
0.370216
0.369815
0.370118
0.370082
0.369983
0.370201
0.37014
0.370099
0.370285
0.370744
0.370558
0.370382
0.37052
0.370406
0.370516
0.370594
0.370715
0.370728
0.370734
0.370676
0.370566
0.370283
0.369965
0.369876
0.369804
0.369593
0.369576
0.369462
0.369451
0.369447
0.369282
0.369498
0.369417
0.369468
0.369491
0.369521
0.369498
0.369479
0.369549
0.369629
0.369507
0.369325
0.369446
0.36948
0.369564
0.369681
0.369624
0.369607
0.369591
0.369728
0.369643
0.369578
0.36956
0.369596
0.369637
0.369349
0.369374
0.369469
0.369259
0.36932
0.369265
0.369278
0.369213
0.369075
0.368837
0.368701
0.368934
0.369128
0.369089
0.36911
0.369016
0.36903
0.369233
0.369107
0.369068
0.369052
0.369316
0.369649
0.369689
0.369564
0.369592
0.369396
0.369508
0.369481
0.36943
0.369286
0.369502
0.369437
0.369453
0.369427
0.369362
0.369477
0.369315
0.369379
0.369193
0.369127
0.369117
0.369219
0.369143
0.368994
0.368802
0.368787
0.369062
0.369077
0.368978
0.368898
0.36888
0.369002
0.368924
0.368767
0.368879
0.368941
0.368725
0.368878
0.369035
0.369027
0.368959
0.368996
0.369007
0.368976
0.369189
0.369171
0.369202
0.369195
0.369297
0.369207
0.369237
0.369363
0.369592
0.369639
0.369749
0.369659
0.369634
0.369539
0.369452
0.369334
0.369229
0.369068
0.369076
0.368854
0.368792
0.368848
0.368961
0.368969
0.368939
0.368763
0.368731
0.368631
0.368681
0.368772
0.368884
0.368798
0.368883
0.369116
0.369231
0.369116
0.368972
0.36899
0.36907
0.369171
0.369115
0.36917
0.36914
0.369145
0.369125
0.369076
0.369145
0.369109
0.36926
0.369411
0.369329
0.369336
0.369311
0.369192
0.369187
0.369242
0.369286
0.36916
0.369171
0.369279
0.369287
0.369352
0.369356
0.369268
0.369302
0.369162
0.369181
0.3694
0.369405
0.369543
0.36952
0.369424
0.369323
0.369373
0.36936
0.369547
0.369518
0.369555
0.369489
0.369544
0.36971
0.369648
0.369654
0.369761
0.369796
0.369903
0.369978
0.37018
0.370107
0.370122
0.370205
0.370119
0.370039
0.370022
0.36988
0.370021
0.370012
0.370039
0.370109
0.37004
0.369959
0.370027
0.370116
0.370091
0.370046
0.370001
0.370005
0.370062
0.370025
0.370079
0.37013
0.369978
0.370075
0.370181
0.370101
0.370002
0.370043
0.370166
0.370177
0.370315
0.370447
0.370462
0.370477
0.370462
0.370521
0.370596
0.370559
0.370636
0.370704
0.370723
0.370582
0.370616
0.3707
0.370645
0.370781
0.370758
0.370707
0.370782
0.370771
0.370763
0.370727
0.370765
0.370742
0.370718
0.370703
0.370735
0.370808
0.370865
0.370715
0.370764
0.370647
0.370681
0.370762
0.370808
0.370844
0.370829
0.37091
0.370916
0.370828
0.370932
0.370939
0.370852
0.37085
0.37087
0.370794
0.37076
0.370847
0.370921
0.370992
0.37108
0.371083
0.371123
0.371063
0.371137
0.371183
0.371174
0.371142
0.371088
0.371176
0.371168
0.371165
0.371173
0.371135
0.371154
0.371195
0.371189
0.371373
0.371462
0.371512
0.371558
0.371533
0.371458
0.37141
0.371538
0.371651
0.371654
0.371635
0.371633
0.371708
0.37174
0.371744
0.371883
0.371834
0.371817
0.371753
0.371763
0.371715
0.371691
0.371639
0.371559
0.371561
0.371545
0.371503
0.37148
0.371533
0.371523
0.371613
0.371616
0.371628
0.37163
0.37171
0.371648
0.371718
0.371809
0.371732
0.371788
0.371834
0.371866
0.371922
0.37195
0.372044
0.371857
0.371862
0.371913
0.371906
0.371961
0.371951
0.371958
0.371982
0.371889
0.371935
0.372006
0.371963
0.372022
0.371992
0.37207
0.372128
0.372188
0.372174
0.372078
0.372136
0.372173
0.37222
0.372217
0.37221
0.372185
0.372268
0.372212
0.37234
0.372386
0.372332
0.372328
0.372385
0.37234
0.372261
0.372283
0.372209
0.372193
0.372115
0.372176
0.372168
0.37231
0.372285
0.372235
0.372331
0.372304
0.372321
0.372352
0.372466
0.372497
0.372624
0.372565
0.372524
0.372527
0.372601
0.372661
0.372663
0.372756
0.372709
0.372867
0.37289
0.372808
0.372746
0.372746
0.372781
0.372814
0.372815
0.372795
0.372845
0.372826
0.372951
0.372925
0.37294
0.373052
0.373161
0.373126
0.373126
0.373124
0.373236
0.373191
0.373229
0.373328
0.373282
0.373357
0.373358
0.373368
0.373464
0.373427
0.373471
0.373379
0.373545
0.373594
0.373594
0.373688
0.373759
0.373795
0.373826
0.373841
0.373761
0.373694
0.37367
0.373791
0.373771
0.373801
0.373843
0.373888
0.373934
0.373945
0.373959
0.373917
0.374028
0.374072
0.374106
0.374197
0.374204
0.374237
0.374311
0.374275
0.374354
0.374334
0.374411
0.374424
0.374407
0.374301
0.374284
0.374271
0.374262
0.374381
0.37442
0.37449
0.374564
0.37455
0.374569
0.374698
0.374725
0.374893
0.374941
0.375048
0.375057
0.375039
0.375028
0.375057
0.375062
0.37501
0.375046
0.375004
0.374971
0.375037
0.375047
0.375024
0.375039
0.375032
0.375114
0.375187
0.375242
0.375323
0.37536
0.37536
0.375372
0.375325
0.375429
0.375441
0.375551
0.37552
0.375614
0.375732
0.375735
0.375754
0.375813
0.375834
0.375921
0.375861
0.375825
0.375822
0.375876
0.375958
0.376019
0.376041
0.376035
0.376068
0.376164
0.376137
0.376117
0.376134
0.376141
0.376187
0.3762
0.376242
0.376193
0.376282
0.376366
0.376407
0.376408
0.376482
0.376538
0.37648
0.376493
0.376612
0.376732
0.376732
0.37669
0.376767
0.376819
0.376788
0.376814
0.376838
0.376791
0.376881
0.376841
0.376737
0.376659
0.376743
0.376729
0.376743
0.376813
0.376824
0.37679
0.376918
0.377033
0.377092
0.377118
0.37728
0.377296
0.377288
0.377295
0.377308
0.377312
0.377377
0.377428
0.377377
0.377398
0.377438
0.377463
0.377408
0.377424
0.377424
0.377308
0.377306
0.377312
0.37729
0.377353
0.377425
0.377385
0.377379
0.377299
0.37732
0.377361
0.377374
0.377387
0.377417
0.377401
0.377364
0.377435
0.377518
0.37759
0.377593
0.377603
0.377627
0.377593
0.377636
0.377686
0.37773
0.377803
0.377825
0.377886
0.377918
0.377934
0.377928
0.377945
0.377927
0.378001
0.377971
0.378062
0.378079
0.378142
0.378119
0.37823
0.378237
0.3783
0.37829
0.37824
0.378311
0.378314
0.378365
0.378523
0.378627
0.37865
0.378624
0.378744
0.378669
0.378641
0.378638
0.378791
0.378839
0.378868
0.378867
0.378928
0.378943
0.378991
0.379044
0.379033
0.37902
0.37908
0.379047
0.379022
0.379049
0.379028
0.379069
0.379005
0.379075
0.379039
0.379046
0.379085
0.379143
0.379123
0.379142
0.379165
0.37914
0.379163
0.379174
0.379177
0.379255
0.379326
0.37942
0.379458
0.379481
0.379535
0.379575
0.379532
0.379519
0.379548
0.379606
0.379604
0.379606
0.379618
0.379615
0.379627
0.379622
0.3796
0.379611
0.379632
0.379618
0.379631
0.379693
0.379702
0.379803
0.379836
0.379904
0.379923
0.380012
0.380021
0.380139
0.380196
0.380222
0.380289
0.380279
0.380256
0.380236
0.38024
0.380273
0.38025
0.380294
0.380382
0.380392
0.380455
0.380541
0.380588
0.380598
0.38057
0.380558
0.380619
0.380643
0.380706
0.38077
0.380758
0.380812
0.38081
0.380873
0.380923
0.380973
0.380912
0.380941
0.381053
0.381065
0.381051
0.381146
0.381171
0.381082
0.381115
0.38114
0.381119
0.381119
0.381181
0.381233
0.38128
0.381282
0.381315
0.381338
0.3813
0.38132
0.381264
0.381342
0.381427
0.381429
0.38144
0.381507
0.381499
0.381486
0.381501
0.381501
0.381551
0.381433
0.381448
0.381432
0.3814
0.381403
0.381446
0.381475
0.381504
