0.901216
0.881459
0.864028
0.854428
0.839491
0.824273
0.812838
0.799583
0.787869
0.777508
0.770987
0.765422
0.757258
0.748663
0.741263
0.733365
0.728463
0.720925
0.711732
0.703833
0.695329
0.686852
0.681394
0.674517
0.667429
0.66008
0.653143
0.647508
0.642054
0.635949
0.631106
0.626025
0.6207
0.614897
0.610119
0.60499
0.6
0.594452
0.589745
0.585597
0.582598
0.578658
0.575631
0.572694
0.569984
0.566711
0.562929
0.560324
0.556521
0.553875
0.551139
0.547725
0.544657
0.542165
0.540238
0.538541
0.536767
0.533644
0.532127
0.530146
0.528382
0.525875
0.523661
0.521542
0.520231
0.518203
0.51712
0.515201
0.513518
0.511369
0.510661
0.509578
0.508356
0.507187
0.506393
0.504613
0.503253
0.501635
0.500105
0.498627
0.497299
0.496374
0.495014
0.494211
0.492598
0.491611
0.490125
0.488833
0.488372
0.487423
0.486183
0.485369
0.483904
0.482955
0.482055
0.480959
0.479958
0.47917
0.478093
0.477155
0.47594
0.475139
0.474052
0.473371
0.472577
0.4722
0.471228
0.470265
0.469851
0.469313
0.468739
0.468263
0.468029
0.46728
0.4669
0.46615
0.465702
0.464914
0.464207
0.463656
0.463193
0.462511
0.461509
0.461166
0.460743
0.46038
0.459957
0.459349
0.458749
0.458341
0.458092
0.457837
0.45713
0.456491
0.456216
0.455916
0.455866
0.455365
0.455089
0.45499
0.454909
0.45444
0.454067
0.453891
0.453591
0.453298
0.453081
0.452704
0.452503
0.452361
0.45241
0.452288
0.4522
0.452073
0.451957
0.45191
0.451482
0.451053
0.450683
0.450469
0.450433
0.450153
0.45024
0.450007
0.449695
0.449697
0.449724
0.449682
0.449562
0.449482
0.449123
0.448927
0.448892
0.448909
0.448888
0.44879
0.448724
0.448728
0.448755
0.448636
0.448476
0.448206
0.447844
0.447721
0.447548
0.4473
0.447244
0.446892
0.446691
0.446257
0.446208
0.445925
0.445596
0.445736
0.445595
0.445583
0.445494
0.445387
0.445424
0.445351
0.445624
0.445553
0.445589
0.445662
0.445674
0.445547
0.445351
0.445211
0.445067
0.445288
0.445239
0.444964
0.444939
0.444979
0.444714
0.444649
0.444414
0.444472
0.444533
0.444158
0.444147
0.443954
0.444053
0.444022
0.443958
0.443552
0.443485
0.443403
0.443362
0.443309
0.443101
0.442879
0.442805
0.442886
0.443018
0.442996
0.442793
0.44277
0.442753
0.442749
0.442781
0.442717
0.442658
0.442493
0.442383
0.442503
0.442496
0.442523
0.442649
0.442605
0.442439
0.44217
0.442073
0.442002
0.441755
0.441728
0.4417
0.441667
0.441619
0.441569
0.44142
0.441526
0.441387
0.441476
0.441498
0.441272
0.441305
0.441258
0.441272
0.441263
0.441237
0.441308
0.441232
0.441146
0.441093
0.440997
0.441031
0.441147
0.440985
0.441209
0.441029
0.440981
0.440913
0.440875
0.440947
0.44107
0.441185
0.44098
0.440879
0.441051
0.441018
0.440912
0.440878
0.440811
0.440856
0.440924
0.440909
0.44096
0.44081
0.440814
0.440863
0.440764
0.440767
0.440714
0.440468
0.440368
0.440324
0.440374
0.440177
0.44005
0.440061
0.440141
0.439978
0.440122
0.440092
0.440029
0.440071
0.440066
0.440114
0.440072
0.440157
0.440156
0.440074
0.440145
0.440182
0.440178
0.440262
0.440344
0.440287
0.440288
0.440247
0.44033
0.440439
0.440214
0.440373
0.440464
0.440367
0.440436
0.440405
0.440287
0.440201
0.44015
0.440207
0.440103
0.440192
0.440123
0.440106
0.44013
0.440226
0.44031
0.440284
0.440214
0.440261
0.440228
0.440258
0.440343
0.440362
0.440212
0.440212
0.440237
0.440144
0.440182
0.439986
0.440049
0.440003
0.4401
0.440133
0.4402
0.440212
0.440096
0.440104
0.440069
0.440156
0.440152
0.440066
0.439987
0.439917
0.440024
0.440028
0.439997
0.440067
0.439898
0.440036
0.44017
0.440124
0.439991
0.439984
0.439986
0.440086
0.439958
0.439797
0.4397
0.439724
0.439735
0.439753
0.439809
0.439691
0.439717
0.439627
0.439684
0.439654
0.439644
0.439735
0.439828
0.439792
0.439862
0.439864
0.439926
0.439966
0.440025
0.43999
0.440077
0.439962
0.439896
0.44
0.439923
0.439957
0.43996
0.439927
0.439927
0.439946
0.439956
0.43987
0.43991
0.439755
0.439757
0.439798
0.439899
0.439838
0.439797
0.43987
0.439875
0.439823
0.439884
0.439915
0.439855
0.439783
0.439779
0.439788
0.439748
0.439714
0.439544
0.439521
0.439486
0.439549
0.439486
0.439475
0.43959
0.439705
0.439713
0.439734
0.439808
0.439865
0.439815
0.439884
0.439951
0.439872
0.439887
0.439884
0.439959
0.439901
0.43998
0.440075
0.440174
0.440137
0.440231
0.440357
0.440456
0.440412
0.44041
0.440432
0.440425
0.440502
0.440634
0.440572
0.440633
0.440692
0.440728
0.440779
0.44071
0.4407
0.440714
0.440661
0.440617
0.440602
0.440658
0.440692
0.440708
0.440597
0.440528
0.440504
0.440542
0.440553
0.440472
0.4405
0.440557
0.440622
0.440704
0.440768
0.440753
0.440847
0.440935
0.440949
0.440964
0.441028
0.441162
0.441204
0.441326
0.441268
0.441203
0.44116
0.441154
0.441144
0.441238
0.44135
0.441333
0.44134
0.441552
0.441588
0.441672
0.441658
0.44165
0.441641
0.441691
0.441689
0.441745
0.441749
0.441831
0.441854
0.441916
0.441981
0.44197
0.442044
0.442062
0.442107
0.442171
0.442268
0.44231
0.44229
0.442328
0.442366
0.44243
0.442377
0.442458
0.442465
0.442496
0.442509
0.442549
0.442642
0.442626
0.442577
0.442607
0.442611
0.442665
0.442715
0.442685
0.442779
0.44273
0.442659
0.442645
0.44265
0.442704
0.442629
0.442638
0.442664
0.442709
0.442747
0.442674
0.442741
0.442719
0.442779
0.442745
0.442808
0.442769
0.442803
0.44273
0.442699
0.442707
0.442787
0.442836
0.442822
0.442932
0.442886
0.442858
0.442898
0.442887
0.442955
0.442967
0.44303
0.44306
0.443119
0.443152
0.443192
0.443232
0.443218
0.443195
0.443251
0.443236
0.443295
0.443249
0.443256
0.443419
0.443407
0.443419
0.443491
0.443561
0.443584
0.44358
0.443608
0.44362
0.443666
0.443681
0.44366
0.443587
0.443589
0.443538
0.443634
0.443585
0.443676
0.44374
0.443788
0.443783
0.443828
0.443886
0.44395
0.443962
0.444022
0.444166
0.444133
0.444262
0.444259
0.444269
0.444229
0.444219
0.4442
0.444173
0.444203
0.44428
0.444289
0.444314
0.444303
0.444318
0.444293
0.444329
0.444397
0.444405
0.444403
0.444365
0.444327
0.444379
0.444405
0.444449
0.444471
0.444529
0.444456
0.444535
0.444567
0.444598
0.444629
0.444673
0.444667
0.44466
0.444699
0.444742
0.444788
0.444761
0.444764
0.444805
0.444867
0.444959
0.445066
0.44507
0.445031
0.44503
0.445073
0.445045
0.445047
0.445108
0.445101
0.445108
0.445205
0.445261
0.445311
0.445327
0.445419
0.44547
0.445527
0.44567
0.445764
0.445772
0.445835
0.44589
0.445815
0.445844
0.445932
0.445979
0.446034
0.446113
0.446097
0.446204
0.446224
0.446179
0.446262
0.446237
0.446255
0.446253
0.44623
0.446297
0.44639
0.446406
0.446467
0.446476
0.446559
0.446595
0.446695
0.446795
0.44685
0.446839
0.446836
0.446906
0.446926
0.446904
0.446872
0.446881
0.446878
0.446872
0.446935
0.446913
0.446999
0.447049
0.447103
0.447119
0.446991
0.447016
0.446981
0.446949
0.446933
0.446914
0.44688
0.446822
0.446869
0.446854
0.446903
0.446907
0.44686
0.446815
0.446906
0.44698
0.446991
0.447016
0.446991
0.447014
0.446958
0.446997
0.447095
0.447152
0.447187
0.447215
0.44727
0.447269
0.447316
0.447297
0.447336
0.447362
0.44739
0.44741
0.447442
0.447491
0.447525
0.447539
0.447527
0.447484
0.447469
0.447501
0.447539
0.447559
0.447602
0.447659
0.447674
0.447739
0.447758
0.447826
0.447938
0.447997
0.448031
0.448072
0.448098
0.448138
0.448181
0.44817
0.448155
0.448209
0.448251
0.448258
0.448302
0.448258
0.448276
0.448326
0.448342
0.44841
0.448467
0.44852
0.448565
0.448584
0.448647
0.448732
0.448754
0.448802
0.448741
0.448705
0.4487
0.448672
0.448679
0.448638
0.448617
0.448618
0.448643
0.448583
0.448611
0.448604
0.448659
0.448657
0.448689
0.4487
0.448688
0.448694
0.448741
0.448758
0.448813
0.44877
0.44879
0.448819
0.448847
0.448918
0.448953
0.448987
0.449012
0.449073
0.44905
0.449075
0.449055
0.449053
0.449061
0.44904
0.449073
0.449029
0.44902
0.449056
0.449082
0.449092
0.44906
0.449031
0.44903
0.449022
0.449038
0.449083
0.449098
0.44909
0.449092
0.449129
0.449189
0.449164
0.449211
0.449234
0.44925
0.449321
0.449416
0.449417
0.44942
0.44948
0.449504
0.449529
0.44962
0.449681
0.449671
0.44966
0.449669
0.449714
0.449756
0.449831
0.449865
0.44988
0.449874
0.4499
0.449909
0.449899
0.449931
0.449861
0.449803
0.449892
0.449846
0.449954
0.450059
0.450107
0.450204
0.450204
0.450212
0.450219
0.450239
0.450287
0.450251
0.4503
0.450286
0.450215
0.450244
0.450264
0.450297
0.450384
0.450423
0.450434
0.450424
0.450463
0.45044
0.450486
0.450531
0.450539
0.450586
0.45066
0.450738
0.450785
0.450792
0.450889
0.450931
0.450946
0.451004
0.45101
0.45105
0.451072
0.451079
0.451124
0.45115
0.451185
0.4512
0.451212
0.451345
0.451416
0.45145
0.451404
0.451408
0.45146
0.451538
0.451533
0.45161
0.451662
0.451694
0.451734
0.451754
0.451732
0.451698
0.451744
0.451753
0.451738
0.451769
0.451819
0.4518
0.451822
0.451827
0.451824
0.45185
0.451898
0.451928
0.451969
0.452011
0.452083
0.452133
0.452148
0.45217
0.452207
0.452264
0.45228
0.452269
0.452304
0.452375
0.452365
0.452372
0.45237
0.45241
0.452376
0.452433
0.452449
0.452483
0.452528
0.452494
0.452557
0.452583
0.452602
0.452583
0.452566
0.452576
0.452625
0.452668
0.452664
0.452667
0.452702
0.452747
0.452745
0.452802
0.452833
0.452899
