0.581532
0.57971
0.580563
0.580211
0.576265
0.579433
0.578776
0.581645
0.578357
0.574943
0.568822
0.564802
0.563465
0.563709
0.559878
0.559196
0.557173
0.555144
0.551493
0.550452
0.551593
0.551703
0.55171
0.551374
0.552144
0.552657
0.552788
0.553793
0.554825
0.554675
0.555228
0.554316
0.554711
0.555568
0.555592
0.554952
0.554752
0.555444
0.555339
0.555055
0.555422
0.55452
0.554544
0.554173
0.553879
0.553547
0.552664
0.552878
0.552517
0.552988
0.551957
0.552416
0.552676
0.552175
0.55203
0.552004
0.551862
0.551162
0.55069
0.550095
0.549866
0.549511
0.549309
0.549532
0.54938
0.549715
0.549126
0.548328
0.548
0.547409
0.547285
0.547445
0.547041
0.547207
0.546747
0.546664
0.546744
0.546408
0.546671
0.546277
0.546072
0.546406
0.546055
0.546025
0.545743
0.544909
0.544915
0.544851
0.5443
0.543915
0.543362
0.543166
0.542803
0.542071
0.541994
0.541837
0.541917
0.541988
0.54224
0.542548
0.542468
0.542692
0.542707
0.542828
0.542794
0.542584
0.542474
0.542205
0.542311
0.542181
0.542101
0.542012
0.541764
0.541972
0.542184
0.54221
0.541829
0.541943
0.541508
0.541332
0.541045
0.540899
0.540987
0.540968
0.540904
0.540988
0.540677
0.540386
0.540661
0.540779
0.540428
0.539984
0.54003
0.539896
0.539934
0.539819
0.540001
0.539892
0.53981
0.539824
0.539621
0.539508
0.539343
0.539319
0.539162
0.539209
0.539407
0.53948
0.539195
0.539281
0.539315
0.539142
0.539247
0.539339
0.539277
0.539222
0.539081
0.539107
0.539171
0.539134
0.539091
0.53895
0.538775
0.538528
0.538606
0.538436
0.538234
0.538085
0.5381
0.537861
0.538012
0.538022
0.538235
0.538162
0.538144
0.538086
0.537947
0.537798
0.537909
0.538119
0.537929
0.537928
0.538001
0.537869
0.537973
0.538079
0.537884
0.537745
0.537825
0.537819
0.537908
0.53798
0.538093
0.538088
0.537968
0.538159
0.538169
0.538175
0.538319
0.53847
0.538378
0.538382
0.538348
0.53831
0.538376
0.538403
0.538322
0.5382
0.537979
0.538089
0.538161
0.537989
0.537836
0.537913
0.538014
0.538268
0.538106
0.538047
0.538334
0.538406
0.538248
0.538294
0.538223
0.538135
0.538068
0.537917
0.537904
0.537953
0.537975
0.537828
0.537681
0.537604
0.537507
0.537494
0.537532
0.537566
0.537535
0.537659
0.537469
0.53758
0.537483
0.537342
0.537212
0.537087
0.536851
0.536844
0.536827
0.536785
0.536954
0.53685
0.536966
0.536928
0.53695
0.536951
0.537073
0.536957
0.536961
0.537059
0.537013
0.537006
0.53709
0.537143
0.537065
0.537043
0.537194
0.537107
0.537063
0.537087
0.536981
0.537121
0.537074
0.537079
0.537089
0.537107
0.537192
0.537273
0.537268
0.537324
0.537428
0.537492
0.537463
0.537367
0.537297
0.537233
0.537152
0.536991
0.537108
0.537053
0.537146
0.536938
0.536854
0.536845
0.536999
0.537097
0.536997
0.536936
0.536974
0.536966
0.537087
0.537012
0.536971
0.537012
0.537111
0.537104
0.537089
0.537091
0.537093
0.537181
0.537188
0.537139
0.537114
0.537102
0.536999
0.537083
0.537135
0.537105
0.537117
0.537019
0.536965
0.536984
0.536931
0.5369
0.536861
0.536917
0.536765
0.536857
0.536955
0.536911
0.536879
0.536922
0.536934
0.536985
0.537001
0.53691
0.536966
0.537031
0.537096
0.537065
0.537122
0.537153
0.537244
0.53728
0.537367
0.537462
0.537431
0.537521
0.537582
0.53753
0.537514
0.537552
0.537482
0.537359
0.537204
0.53709
0.537135
0.536935
0.536826
0.536844
0.536779
0.53672
0.536725
0.536765
0.536818
0.53675
0.536713
0.536714
0.536751
0.536706
0.536614
0.53667
0.536722
0.53672
0.536619
0.536805
0.536823
0.536855
0.536898
0.536876
0.536932
0.536804
0.536838
0.536886
0.536893
0.536872
0.536823
0.536882
0.537026
0.537005
0.53702
0.536995
0.536981
0.536985
0.53708
0.537019
0.536989
0.536897
0.536916
0.536877
0.536803
0.53672
0.536674
0.536706
0.536762
0.536791
0.536854
0.536835
0.536871
0.536889
0.536842
0.536771
0.536869
0.536891
0.536934
0.536875
0.536926
0.537007
0.536943
0.536953
0.537078
0.537105
0.537126
0.537083
0.537036
0.536977
0.536871
0.536772
0.536791
0.536758
0.536794
0.536752
0.536719
0.536687
0.536637
0.536637
0.536637
0.536636
0.536608
0.536639
0.536631
0.53654
0.536502
0.53651
0.536519
0.536486
0.536442
0.536378
0.536464
0.536465
0.536409
0.53645
0.536482
0.536487
0.536462
0.536475
0.536588
0.536621
0.536652
0.536694
0.536681
0.536657
0.536607
0.536601
0.536532
0.536585
0.536545
0.5365
0.536539
0.536507
0.536485
0.536445
0.536408
0.536447
0.536363
0.536331
0.536309
0.536305
0.536309
0.536235
0.536281
0.536275
0.536339
0.536342
0.536366
0.536398
0.536402
0.536365
0.5363
0.536264
0.53634
0.536368
0.536338
0.536299
0.536261
0.536208
0.536221
0.536211
0.536189
0.53613
0.53612
0.536091
0.536095
0.536147
0.536106
0.536084
0.536093
0.536068
0.536087
0.536095
0.536108
0.536181
0.536196
0.536195
0.536197
0.536171
0.536111
0.536159
0.536187
0.536266
0.536194
0.536195
0.536219
0.536163
0.536231
0.536241
0.536333
0.536339
0.536345
0.536332
0.536353
0.536263
0.536198
0.53614
0.536143
0.536109
0.53613
0.536089
0.536113
0.536106
0.536122
0.53616
0.536174
0.536136
0.536189
0.53619
0.536198
0.536205
0.536291
0.536383
0.536445
0.536455
0.536585
0.536623
0.53657
0.536576
0.536515
0.536497
0.536537
0.536527
0.536525
0.536578
0.536626
0.536549
0.536617
0.536672
0.536663
0.536638
0.53666
0.536651
0.536688
0.536683
0.536675
0.536705
0.536751
0.536754
0.536759
0.536693
0.536665
0.536699
0.536743
0.536728
0.536733
0.536728
0.536682
0.536649
0.53665
0.536566
0.536508
0.536488
0.536471
0.536472
0.536433
0.536408
0.536369
0.536342
0.536369
0.536384
0.536321
0.536318
0.536272
0.536285
0.536269
0.536219
0.536193
0.53613
0.536044
0.535994
0.535944
0.535856
0.535787
0.535797
0.535849
0.535851
0.535824
0.535845
0.535919
0.535914
0.53593
0.535912
0.535916
0.53594
0.535918
0.535934
0.535885
0.53588
0.535885
0.535859
0.535836
0.535811
0.535705
0.535645
0.535641
0.53561
0.535593
0.535571
0.535445
0.53542
0.535445
0.535436
0.535436
0.535457
0.535511
0.535524
0.535581
0.535602
0.535636
0.535638
0.53566
0.535661
0.535641
0.535597
0.535633
0.5357
0.535669
0.535609
0.535607
0.535611
0.535616
0.535622
0.535644
0.53563
0.535686
0.535736
0.535783
0.535788
0.53575
0.535779
0.535719
0.53575
0.53573
0.535683
0.535624
0.53561
0.535608
0.535636
0.535617
0.535601
0.53561
0.53561
0.535628
0.535593
0.535609
0.535659
0.535645
0.535638
0.535546
0.53558
0.535594
0.535548
0.535637
0.53568
0.535658
0.535659
0.535672
0.535628
0.535604
0.53557
0.535555
0.535481
0.535467
0.535376
0.535375
0.535346
0.535353
0.535333
0.535317
0.53527
0.53526
0.535223
0.5352
0.535204
0.535187
0.535145
0.535105
0.5351
0.535056
0.535026
0.534962
0.534957
0.534896
0.534926
0.534911
0.534915
0.534927
0.53493
0.534918
0.534899
0.534856
0.53487
0.53486
0.534802
0.53479
0.534789
0.534831
0.534852
0.53491
0.534925
0.534928
0.534923
0.534929
0.534955
0.534937
0.534954
0.534916
0.534928
0.534928
0.534942
0.53494
0.534944
0.534943
0.534892
0.534892
0.534925
0.534986
0.535005
0.535009
0.535039
0.535046
0.535016
0.535022
0.535021
0.534982
0.535029
0.535044
0.53496
0.534914
0.534923
0.534905
0.534903
0.534912
0.534855
0.534866
0.534901
0.53492
0.534912
0.534911
0.534938
0.534909
0.534867
0.534825
0.534832
0.534784
0.534761
0.534715
0.534742
0.534746
0.534733
0.534745
0.534716
0.534752
0.534778
0.534767
0.53474
0.534745
0.534745
0.53473
0.534768
0.534782
0.534744
0.534742
0.534702
0.53469
0.534684
0.534644
0.53468
0.534672
0.534663
0.534604
0.534604
0.534559
0.534559
0.534604
0.534618
0.534631
0.53462
0.534663
0.534657
0.534626
0.534629
0.534629
0.534601
0.53458
0.534605
0.534586
0.534593
0.534613
0.534642
0.534617
0.534597
0.534602
0.534604
0.534587
0.534623
0.534645
0.534683
0.534667
0.534625
0.534613
0.534567
0.53462
0.534603
0.534602
0.53456
0.534576
0.53455
0.53458
0.534567
0.53454
0.534511
0.534525
0.534518
0.53449
0.534498
0.534495
0.534431
0.534399
0.534408
0.534463
0.534488
0.534519
0.534499
0.534495
0.534491
0.534519
0.534482
0.534498
0.534519
0.534569
0.534576
0.534555
0.53454
0.534516
0.534467
0.534409
0.534414
0.534411
0.534412
0.534357
0.534317
0.534311
0.534309
0.534294
0.534325
0.534326
0.534367
0.534371
0.534378
0.534398
0.53439
0.534381
0.534396
0.534418
0.534405
0.534384
0.534392
0.534401
0.534389
0.534359
0.534316
0.534294
0.534327
0.534332
0.534334
0.534313
0.534393
0.534374
0.534374
0.534348
0.53436
0.534356
0.534321
0.53434
0.534341
0.53434
0.534329
0.534341
0.534345
0.534355
0.534396
0.53436
0.534334
0.534359
0.534351
0.534365
0.534356
0.53435
0.53432
0.534313
0.534285
0.534277
0.534298
0.534273
0.534241
0.534247
0.534217
0.534223
0.534195
0.534222
0.534209
0.534175
0.534169
0.534188
0.534177
0.53418
0.53421
0.534247
0.534237
0.534234
0.534257
0.534274
0.534285
0.534281
0.534301
0.534303
0.534311
0.534342
0.534317
0.534307
0.534298
0.53432
0.534318
0.534323
0.534308
0.53434
0.534385
0.534385
0.534383
0.534357
0.534363
0.534292
0.534307
0.534293
0.534308
0.53432
0.534308
0.53433
0.534342
0.534303
0.534321
0.534354
0.534359
0.534365
0.534327
0.534335
0.534345
0.534326
0.534328
0.534335
0.534338
0.53434
