0.939439
0.872404
0.775632
0.726762
0.68297
0.658092
0.638466
0.624906
0.621406
0.613327
0.608863
0.604854
0.602089
0.599749
0.598196
0.597386
0.595227
0.594682
0.594363
0.593207
0.591769
0.590473
0.590182
0.589233
0.590596
0.591207
0.59118
0.588771
0.58734
0.586474
0.58589
0.586612
0.585744
0.584766
0.584719
0.583356
0.582695
0.581993
0.582344
0.581307
0.579595
0.578392
0.578476
0.576014
0.575122
0.574349
0.573635
0.573809
0.572351
0.571909
0.570985
0.570842
0.570717
0.57059
0.570294
0.570237
0.569744
0.569167
0.569077
0.567878
0.568059
0.568513
0.56915
0.568362
0.567654
0.567866
0.567426
0.566833
0.565982
0.564431
0.563233
0.563075
0.563137
0.56306
0.562624
0.563176
0.562953
0.562917
0.562811
0.562817
0.56276
0.563044
0.562826
0.562631
0.562084
0.561797
0.561879
0.561817
0.5618
0.562095
0.561712
0.561709
0.561365
0.561237
0.560981
0.561196
0.561025
0.560299
0.560021
