0.907121
0.79908
0.688073
0.621622
0.577413
0.559619
0.54097
0.530451
0.520617
0.507711
0.501155
0.500414
0.496682
0.49427
0.491056
0.49009
0.489647
0.487253
0.486252
0.484056
0.48233
0.480031
0.478777
0.477744
0.477758
0.478084
0.476758
0.474023
0.472222
0.473288
0.472077
0.472536
0.471042
0.471158
0.471696
0.471805
0.472372
0.471261
0.470781
0.470726
0.47061
0.470042
0.469995
0.466981
0.464274
0.464103
0.464204
0.462951
0.462425
0.462208
0.462504
0.461562
0.461865
0.462323
0.462634
0.462575
0.462082
0.461496
0.462053
0.461456
0.462115
0.461726
0.46144
0.460947
0.460128
0.459995
0.459738
0.459223
0.458456
0.456315
0.455625
0.455467
0.45447
0.454436
0.453925
0.453385
0.453412
0.453413
0.454036
0.454131
0.454464
0.455062
0.45414
0.454381
0.453829
0.453227
0.453903
0.453461
0.454753
0.454774
0.45372
0.453694
0.453863
0.453238
0.453343
0.4532
0.452543
0.450688
0.450687
