0.4
0.377033
0.394787
0.404175
0.410522
0.420411
0.419302
0.416389
0.417732
0.415644
0.417627
0.4192
0.420153
0.421298
0.423023
0.425689
0.423912
0.424888
0.423322
0.423682
0.425924
0.425222
0.424704
0.426582
0.427154
0.427879
0.428723
0.429402
0.430231
0.430377
0.430436
0.43063
0.430268
0.42752
0.426164
0.426662
0.427069
0.427319
0.427512
0.427538
0.427576
0.427206
0.427522
0.428237
0.42842
0.428365
0.428109
0.427949
0.42774
0.427045
0.428444
0.428702
0.428807
0.429351
0.429549
0.429735
0.429748
0.430416
0.430242
0.428666
0.427824
0.428322
0.42852
0.428491
0.429467
0.42995
0.429796
0.42954
0.430052
0.429874
0.429789
0.4299
0.429711
0.429703
0.429467
0.429306
0.429089
0.428863
0.429093
0.429523
0.429501
0.429946
0.429845
0.429678
0.429439
0.429725
0.429457
0.427946
0.427737
