0.902367
0.793985
0.695344
0.623656
0.589436
0.560818
0.544315
0.526857
0.513149
0.499543
0.494893
0.487751
0.482162
0.475154
0.469011
0.467616
0.459386
0.453746
0.452148
0.450041
0.444863
0.441041
0.437639
0.433207
0.431516
0.431609
0.427433
0.424404
0.423418
0.421223
0.416804
0.412919
0.411276
0.410375
0.409793
0.407294
0.405799
0.4046
0.403599
0.40178
0.400097
0.397785
0.397358
0.395733
0.394247
0.393123
0.391134
0.389878
0.389474
0.388624
0.388566
0.387327
0.386069
0.385478
0.385007
0.38345
0.382501
0.381391
0.380227
0.379437
0.378436
0.377946
0.376616
0.376056
0.376031
0.375854
0.374695
0.374378
0.374286
0.374716
0.374014
0.374274
0.374293
0.374013
0.374181
0.373954
0.374478
0.374342
0.373689
0.373318
0.37294
0.372477
0.371897
0.371461
0.37095
0.369717
0.368816
0.367666
0.367379
0.367347
0.366994
0.367243
0.367022
0.366422
0.365931
0.365545
0.365837
0.365514
0.365457
