0.957704
0.866667
0.764414
0.707561
0.670966
0.651978
0.631961
0.621581
0.611866
0.600149
0.593102
0.589388
0.584952
0.577808
0.573196
0.56845
0.562213
0.555664
0.551302
0.548047
0.545481
0.542133
0.536939
0.533418
0.530347
0.526914
0.522633
0.518788
0.515925
0.51446
0.511074
0.507028
0.505213
0.504077
0.502273
0.500573
0.499538
0.500743
0.498195
0.497051
0.496172
0.494658
0.494376
0.49365
0.492945
0.492546
0.491841
0.491362
0.490424
0.489224
0.489018
0.48829
0.488094
0.48828
0.488428
0.487564
0.485805
0.484081
0.48297
0.48258
0.48223
0.481733
0.480713
0.48071
0.480425
0.479864
0.478654
0.477708
0.477266
0.477221
0.477594
0.477501
0.477348
0.477389
0.477849
0.477568
0.477229
0.477173
0.476607
0.47601
0.475878
0.475527
0.47591
0.476304
0.476426
0.47617
0.474898
0.474131
0.473912
0.473973
0.474137
0.474209
0.474422
0.47409
0.474058
0.473298
0.473182
0.473186
0.47323
