0.341556
0.337429
0.348571
0.345385
0.341005
0.348143
0.346844
0.340005
0.342411
0.344064
0.345483
0.353583
0.352211
0.351887
0.356102
0.359824
0.359933
0.360616
0.360926
0.359962
0.358015
0.356785
0.356299
0.357867
0.358114
0.356501
0.357696
0.358538
0.358205
0.355968
0.357112
0.355633
0.356238
0.3563
0.357007
0.356705
0.35611
0.35691
0.356787
0.356077
0.355917
0.354645
0.354333
0.356533
0.357146
0.357417
0.356563
0.356652
0.356078
0.3561
0.356556
0.356851
0.356961
0.356663
0.357283
0.357378
0.356981
0.356755
0.356624
0.357055
0.358066
0.358062
0.358267
0.358753
0.359196
0.359113
0.359237
0.358876
0.358493
0.35826
0.358399
0.358781
0.358924
0.358941
0.359164
0.359065
0.358064
0.357289
0.357533
0.357957
0.357853
0.357944
0.35843
0.358743
0.358813
0.358779
0.359055
0.359433
0.35907
