0.914706
0.878743
0.855263
0.847023
0.834083
0.81559
0.792931
0.777377
0.760378
0.74966
0.740939
0.733343
0.725128
0.717076
0.711081
0.706447
0.701341
0.696518
0.688711
0.684098
0.675953
0.667911
0.662116
0.657631
0.651341
0.644924
0.638597
0.631818
0.624921
0.619725
0.613769
0.609949
0.604278
0.599675
0.593959
0.588954
0.584447
0.581016
0.576638
0.572771
0.568259
0.564113
0.560604
0.557689
0.553985
0.550514
0.547021
0.543287
0.540148
0.537286
0.534642
0.53154
0.528747
0.525362
0.522564
0.520312
0.517655
0.515468
0.513408
0.510433
0.508741
0.506259
0.50457
0.502341
0.50077
0.498789
0.497285
0.495696
0.494045
0.492284
0.490821
0.489481
0.488414
0.487502
0.48639
0.485108
0.483487
0.482666
0.481655
0.480493
0.479317
0.477736
0.476402
0.475285
0.47446
0.472963
0.471359
0.470178
0.468799
0.467769
0.466448
0.465213
0.464504
0.463483
0.462456
0.461127
0.46015
0.459619
0.458912
0.457649
0.456653
0.455636
0.45484
0.45398
0.453191
0.452255
0.451543
0.450795
0.450054
0.449193
0.448736
0.448005
0.447358
0.446633
0.44598
0.445046
0.444461
0.444041
0.443489
0.443116
0.442638
0.442285
0.441717
0.441133
0.440779
0.440478
0.44001
0.439822
0.439491
0.438947
0.438385
0.437827
0.437536
0.437167
0.436796
0.436583
0.436301
0.435519
0.43509
0.434514
0.434186
0.433843
0.433284
0.432896
0.432446
0.432279
0.432094
0.43172
0.431641
0.431521
0.431138
0.431014
0.430587
0.430244
0.429845
0.429576
0.42934
0.428752
0.428539
0.42813
0.427972
0.427655
0.427122
0.426827
0.426471
0.426321
0.426133
0.42635
0.42616
0.425688
0.425354
0.425339
0.425063
0.424845
0.42474
0.424518
0.424589
0.424487
0.424392
0.424102
0.423996
0.423722
0.423632
0.42328
0.423114
0.423161
0.422938
0.422768
0.422308
0.422291
0.42226
0.422165
0.421541
0.42124
0.421373
0.421394
0.421334
0.421143
0.421067
0.420821
0.420708
0.420662
0.420108
0.42012
0.419943
0.41989
0.419794
0.419812
0.419401
0.419131
0.418973
0.41881
0.41884
0.418861
0.418879
0.418765
0.418525
0.418453
0.418177
0.418098
0.418148
0.418005
0.417716
0.417573
0.417504
0.417501
0.417572
0.417312
0.417058
0.41721
0.417134
0.416906
0.416939
0.416776
0.416807
0.416777
0.416644
0.416535
0.41651
0.416426
0.416558
0.416395
0.416305
0.416206
0.415996
0.416001
0.416009
0.415987
0.415898
0.415712
0.415388
0.41549
0.415206
0.415039
0.415176
0.414981
0.415018
0.414749
0.414848
0.414835
0.414898
0.414673
0.414572
0.414541
0.41456
0.414536
0.41444
0.414387
0.4141
0.414069
0.414184
0.414008
0.413861
0.413912
0.414016
0.414001
0.41392
0.413795
0.413854
0.413626
0.413562
0.413623
0.413732
0.413789
0.413757
0.413551
0.413596
0.413454
0.413272
0.41335
0.413345
0.413223
0.413135
0.413139
0.412995
0.412858
0.412872
0.412866
0.412805
0.412883
0.412799
0.41288
0.412674
0.41266
0.412651
0.412633
0.412606
0.412563
0.412533
0.412538
0.412563
0.412643
0.412564
0.412645
0.412587
0.412578
0.412648
0.412726
0.41282
0.412781
0.412812
0.4129
0.41309
0.413024
0.412949
0.412871
0.412924
0.412801
0.412742
0.412716
0.412785
0.412822
0.412899
0.412918
0.412954
0.413064
0.413033
0.412951
0.412959
0.412905
0.41297
0.412973
0.412862
0.412861
0.412853
0.412832
0.412746
0.412768
0.412725
0.412783
0.412748
0.412713
0.412568
0.412455
0.412498
0.412543
0.412573
0.412604
0.41251
0.412542
0.41259
0.41261
0.412622
0.412739
0.41278
0.412884
0.412758
0.412749
0.412661
0.412622
0.412587
0.412606
0.412642
0.412474
0.41246
0.412523
0.412446
0.412578
0.41259
0.412572
0.412546
0.412719
0.412803
0.412858
0.41289
0.412851
0.412949
0.412999
0.412963
0.413105
0.413004
0.412913
0.412812
0.412831
0.41289
0.41291
0.412983
0.412941
0.412999
0.413029
0.412994
0.412976
0.412897
0.412915
0.413004
0.412979
0.413007
0.413083
0.413199
0.413171
0.413235
0.413195
0.413177
0.413191
0.413231
0.413288
0.413251
0.413209
0.413319
0.41335
0.41333
0.413512
0.413577
0.413703
0.413718
0.413818
0.413873
0.41391
0.41385
0.413907
0.413984
0.413945
0.414016
0.413966
0.413909
0.413928
0.413966
0.414132
0.414105
0.41401
0.413908
0.413917
0.413926
0.413938
0.414048
0.413977
0.414033
0.414005
0.413991
0.413931
0.413897
0.413882
0.413887
0.413921
0.413992
0.41398
0.413955
0.41395
0.413918
0.414021
0.414033
0.414034
0.414117
0.414062
0.414089
0.414139
0.414231
0.414264
0.414397
0.414428
0.414447
0.414431
0.414429
0.41452
0.414556
0.414679
0.414552
0.41458
0.414491
0.414595
0.414596
0.414628
0.414629
0.414689
0.414769
0.414858
0.414742
0.414712
0.41479
0.414767
0.414856
0.414841
0.414845
0.414789
0.414797
0.414835
0.414831
0.414794
0.414874
0.415004
0.414985
0.415042
0.415062
0.415023
0.41513
0.415193
0.415179
0.415297
0.415351
0.415345
0.415335
0.415328
0.415351
0.415261
0.415286
0.415321
0.41534
0.415329
0.41538
0.415408
0.415494
0.415474
0.415514
0.41554
0.415543
0.415492
0.415584
0.415594
0.415722
0.415771
0.415907
0.415994
0.415945
0.4159
0.415919
0.41591
0.415951
0.416
0.415963
0.415933
0.415989
0.415914
0.416012
0.416011
0.416054
0.416062
0.416045
0.415976
0.416041
0.416099
0.416204
0.416177
0.416225
0.41624
0.41628
0.416215
0.416285
0.416403
0.416389
0.416384
0.416436
0.41648
0.416445
0.416499
0.416528
0.416521
0.416565
0.416621
0.416592
0.416645
0.416668
0.416669
0.416661
0.416699
0.416717
0.416773
0.416867
0.41683
0.41685
0.416845
0.416823
0.416847
0.416884
0.416899
0.416922
0.416947
0.416952
0.41688
0.416916
0.416977
0.416984
0.417034
0.417041
0.417152
0.417174
0.417211
0.417206
0.417255
0.417295
0.417371
0.417367
0.417309
0.417335
0.417411
0.417463
0.41744
0.417427
0.417479
0.417494
0.417513
0.417497
0.417471
0.417451
0.417416
0.417451
0.417475
0.417555
0.417571
0.417571
0.417641
0.417748
0.417792
0.41781
0.417805
0.417893
0.417931
0.418096
0.418176
0.418132
0.418141
0.418156
0.41813
0.418168
0.418183
0.41816
0.418175
0.418189
0.418248
0.418127
0.418171
0.418119
0.418136
0.418164
0.418067
0.418118
0.418163
0.418167
0.418152
0.418172
0.418217
0.418237
0.418291
0.418332
0.418374
0.418341
0.418318
0.418347
0.418414
0.418334
0.418346
0.418424
0.418455
0.418477
0.418484
0.418582
0.418627
0.418606
0.418685
0.418764
0.418735
0.418755
0.418775
0.418791
0.418805
0.418869
0.418917
0.418927
0.418956
0.419015
0.419094
0.419133
0.419161
0.419118
0.419152
0.419241
0.419332
0.419347
0.419375
0.419392
0.419408
0.419451
0.419415
0.419415
0.419468
0.419519
0.419532
0.419548
0.419531
0.419538
0.4196
0.4196
0.419645
0.419682
0.419683
0.419722
0.419755
0.419779
0.419732
0.419775
0.419763
0.41978
0.419723
0.419649
0.419659
0.419716
0.419694
0.419635
0.419746
0.419801
0.41975
0.419786
0.419808
0.419821
0.419814
0.419844
0.419833
0.419852
0.419881
0.419885
0.419902
0.41998
0.419969
0.420018
0.41999
0.420006
0.420035
0.420082
0.420082
0.420104
0.420086
0.42006
0.420077
0.420085
0.420088
0.420158
0.420205
0.420323
0.420371
0.420437
0.420418
0.420394
0.420394
0.42041
0.420366
0.420474
0.420456
0.420478
0.420552
0.420604
0.420658
0.420684
0.420618
0.420733
0.420768
0.420794
0.420852
0.420863
0.420926
0.420997
0.421048
0.421093
0.421157
0.421213
0.42126
0.421323
0.421364
0.421437
0.421462
0.421486
0.421532
0.42151
0.421557
0.42162
0.421661
0.421667
0.421747
0.421737
0.421787
0.42183
0.421914
0.422017
0.422061
0.422115
0.422156
0.422186
0.422135
0.422116
0.422174
0.42223
0.422248
0.422322
0.422365
0.422357
0.422418
0.422481
0.422576
0.42253
0.422518
0.422584
0.422615
0.422587
0.422617
0.4227
0.422717
0.42275
0.422752
0.422784
0.422843
0.422854
0.4229
0.422897
0.422934
0.422995
0.423018
0.42309
0.4231
0.423139
0.423239
0.423221
0.423242
0.42327
0.423261
0.423296
0.423334
0.423388
0.42343
0.423495
0.423502
0.423475
0.423517
0.423541
0.423562
0.423603
0.423657
0.423719
0.423778
0.423839
0.42387
0.423957
0.42394
0.424011
0.424044
0.424071
0.424083
0.424137
0.424177
0.424152
0.424128
0.424119
0.424145
0.424165
0.424177
0.424184
0.424172
0.424241
0.424275
0.424285
0.424284
0.424292
0.424314
0.424401
0.424485
0.424527
0.424533
0.424557
0.424567
0.424656
0.424715
0.424768
0.424753
0.424749
0.424751
0.424779
0.42482
0.424816
0.424886
0.424936
0.424953
0.424998
0.425025
0.425039
0.42513
0.425172
0.425223
0.425238
0.425272
0.425295
0.425344
0.425402
0.425457
0.425438
0.425506
0.425527
0.425571
0.425621
0.425612
0.425687
0.425736
0.425746
0.425771
0.42579
0.42577
0.425802
0.425874
0.425897
0.425955
0.42595
0.425959
0.426033
0.426082
0.426111
0.426121
0.426144
0.426223
0.426332
0.426347
0.426336
0.426338
0.426344
0.426363
0.42641
0.426467
0.426477
0.426438
0.426466
0.426504
0.426506
0.426502
0.426518
0.426522
0.426556
0.426605
0.426631
0.426667
0.426662
0.426654
0.426701
0.426746
0.426756
0.426746
0.426736
0.426729
0.426692
0.42671
0.426711
0.426811
0.426834
0.426903
0.42691
0.426967
0.426967
0.426964
0.426967
0.427001
0.426973
0.427005
0.427024
0.426998
0.427005
0.427005
0.426971
0.427001
0.426988
0.426998
0.427078
0.427116
0.427131
0.42716
0.427217
0.427233
0.427266
0.427282
0.427328
0.427373
0.42741
0.427415
0.427451
0.427497
0.427518
0.427626
0.427696
0.427688
0.42771
0.427714
0.427756
0.427822
0.427852
0.427864
0.427879
