0.81875
0.822289
0.808594
0.791976
0.769646
0.743615
0.711055
0.685829
0.66851
0.646381
0.636338
0.623848
0.615063
0.606434
0.598065
0.589542
0.58231
0.575862
0.568689
0.562866
0.556319
0.551389
0.545606
0.538668
0.531786
0.525997
0.518743
0.513825
0.508266
0.503203
0.498363
0.493836
0.490018
0.486621
0.481998
0.477766
0.473589
0.470558
0.467282
0.464356
0.460337
0.457193
0.455441
0.451763
0.448372
0.445188
0.442922
0.440576
0.437084
0.433636
0.430279
0.428444
0.427291
0.425933
0.423838
0.421862
0.419616
0.417385
0.414505
0.412309
0.41004
0.408872
0.408402
0.406882
0.405133
0.403419
0.402544
0.401735
0.400299
0.398788
0.398542
0.397146
0.395919
0.394795
0.393367
0.392635
0.390525
0.389038
0.387685
0.386651
0.385283
0.383633
0.382363
0.381579
0.380734
0.379529
0.378617
0.377329
0.376552
0.375349
0.374431
0.373408
0.3722
0.372244
0.371716
0.370874
0.369635
0.369226
0.368418
0.367717
0.367156
0.366983
0.36632
0.365768
0.365155
0.364546
0.364712
0.364467
0.36387
0.363485
0.362544
0.362447
0.361618
0.360833
0.360463
0.359798
0.358891
0.358237
0.357949
0.357747
0.357473
0.357292
0.35673
0.356586
0.356004
0.355491
0.355376
0.355295
0.35462
0.354173
0.353277
0.353091
0.352684
0.352321
0.352156
0.351814
0.351502
0.351319
0.350853
0.350687
0.350114
0.349877
0.34928
0.349185
0.349146
0.348887
0.34835
0.348113
0.348075
0.348036
0.347759
0.347106
0.346895
0.34658
0.346257
0.345431
0.345231
0.344961
0.344951
0.344615
0.344799
0.344815
0.344643
0.344323
0.343898
0.343885
0.343483
0.343147
0.343023
0.342971
0.342679
0.342315
0.342192
0.342045
0.341822
0.340984
0.341028
0.340867
0.340753
0.340549
0.340358
0.340446
0.34028
0.340052
0.339787
0.3395
0.339292
0.339473
0.339193
0.339196
0.339051
0.338907
0.338696
0.338791
0.338501
0.338547
0.33841
0.338094
0.337831
0.337473
0.337332
0.337263
0.337393
0.337724
0.337392
0.337198
0.336932
0.337002
0.337005
0.336838
0.336982
0.336747
0.336526
0.336316
0.336331
0.335968
0.335909
0.335809
0.335524
0.335342
0.33509
0.335073
0.334859
0.334504
0.334303
0.334361
0.334524
0.33452
0.334541
0.334615
0.334784
0.334675
0.334351
0.334346
0.334282
0.334551
0.334588
0.33443
0.334324
0.334362
0.334299
0.334221
0.333887
0.333811
0.333915
0.333864
0.333846
0.333908
0.333713
0.333687
0.333758
0.3339
0.333795
0.333801
0.333878
0.334002
0.334071
0.334185
0.334253
0.334397
0.334246
0.334436
0.334362
0.334366
0.334698
0.334777
0.334764
0.334593
0.334325
0.334127
0.33434
0.334359
0.334096
0.334101
0.334113
0.334037
0.333932
0.33393
0.333587
0.333413
0.333564
0.3337
0.333577
0.333462
0.333404
0.333347
0.333432
0.333453
0.333333
0.333438
0.333236
0.333236
0.333403
0.333251
0.333271
0.333244
0.333224
0.333347
0.333394
0.333394
0.333542
0.333824
0.333608
0.333647
0.333746
0.333659
0.333724
0.333855
0.333965
0.333825
0.333863
0.333783
0.333833
0.333799
0.333863
0.333977
0.333847
0.333928
0.333945
0.333911
0.334043
0.334186
0.334246
0.334043
0.334009
0.333908
0.333918
0.333929
0.333828
0.333796
0.333696
0.333787
0.334018
0.333821
0.333795
0.333733
0.333805
0.333683
0.33385
0.333771
0.333841
0.333881
0.333839
0.333849
0.333753
0.333829
0.333963
0.333978
0.333924
0.334022
0.333956
0.333965
0.334143
0.334031
0.333834
0.333798
0.333786
0.333585
0.33351
0.333532
0.333447
0.333418
0.33339
0.333474
0.333591
0.333523
0.333434
0.333422
0.333378
0.333344
0.333229
0.333185
0.333191
0.33335
0.333535
0.333578
0.333442
0.333452
0.333495
0.333495
0.33343
0.333382
0.333339
0.333328
0.333403
0.33344
0.333349
0.333265
0.333291
0.333197
0.333218
0.333197
0.333281
0.333208
0.333183
0.333256
0.333354
0.333369
0.333405
0.333385
0.33339
0.333405
0.333303
0.333298
0.333328
0.333384
0.333278
0.333379
0.333158
0.333178
0.333124
0.33292
0.333095
0.333145
0.333229
0.333121
0.333255
0.333338
0.333431
0.333622
0.333592
0.333635
0.333737
0.333784
0.333962
0.333864
0.333901
0.333876
0.333851
0.333869
0.333782
0.333804
0.33405
0.333939
0.333881
0.333923
0.33387
0.333878
0.333905
0.333759
0.333944
0.334147
0.334248
0.334181
0.334346
0.334307
0.334336
0.334293
0.334222
0.334343
0.334181
0.334198
0.334264
0.334461
0.334491
0.334538
0.334369
0.334362
0.334333
0.334344
0.334396
0.334344
0.334324
0.334469
0.334462
0.334508
0.334484
0.334459
0.334422
0.334437
0.334443
0.33451
0.334499
0.334527
0.334659
0.334803
0.335008
0.335073
0.335224
0.335298
0.335277
0.335482
0.335495
0.335575
0.335494
0.33546
0.335435
0.335503
0.335524
0.335477
0.335565
0.335556
0.335589
0.335509
0.335513
0.335587
0.335612
0.335719
0.335689
0.335585
0.335696
0.335802
0.335886
0.335935
0.336068
0.336099
0.336119
0.336203
0.33625
0.336208
0.336279
0.336366
0.336304
0.336327
0.336313
0.336284
0.336311
0.336377
0.336224
0.336218
0.336248
0.336262
0.336343
0.336429
0.336333
0.336363
0.336439
0.336277
0.336221
0.336227
0.336241
0.33636
0.336301
0.336248
0.336432
0.336423
0.336351
0.336323
0.336336
0.33638
0.336424
0.33646
0.336476
0.336536
0.336491
0.336543
0.336601
0.336584
0.336551
0.33656
0.336454
0.3364
0.336472
0.336485
0.336434
0.336615
0.336714
0.336752
0.336868
0.336895
0.336951
0.336985
0.336998
0.337058
0.337177
0.337104
0.337181
0.337073
0.337023
0.337042
0.337025
0.337001
0.337226
0.337147
0.337147
0.337152
0.337221
0.337203
0.337186
0.337141
0.337053
0.337093
0.337116
0.337241
0.337256
0.337239
0.337144
0.337163
0.337181
0.33729
0.337371
0.337382
0.337487
0.337544
0.337568
0.337551
0.337561
0.337592
0.337585
0.337641
0.337715
0.33766
0.337581
0.33753
0.337454
0.337617
0.337641
0.337702
0.337807
0.337865
0.337813
0.33781
0.337815
0.337887
0.337887
0.338035
0.338077
0.338227
0.338229
0.338421
0.338453
0.338481
0.338479
0.338496
0.33845
0.33838
0.338314
0.338368
0.338492
0.338504
0.338519
0.338531
0.338584
0.338556
0.338584
0.338622
0.338673
0.338837
0.338989
0.338983
0.339075
0.339099
0.339241
0.339229
0.339182
0.339246
0.339295
0.339258
0.339303
0.339352
0.33934
0.339258
0.339201
0.339281
0.339267
0.339311
0.339286
0.33922
0.33925
0.339348
0.339323
0.339418
0.339423
0.339433
0.339553
0.339638
0.339777
0.339763
0.339797
0.339809
0.339871
0.339955
0.340017
0.340073
0.339987
0.340062
0.340152
0.34017
0.340115
0.340111
0.340102
0.340159
0.3402
0.340154
0.340166
0.340155
0.340275
0.340292
0.340303
0.340318
0.340317
0.340352
0.34047
0.340595
0.340695
0.340616
0.340597
0.340664
0.340696
0.340673
0.340754
0.340862
0.340924
0.340913
0.34096
0.3409
0.340831
0.340868
0.340931
0.340968
0.341008
0.340976
0.341065
0.341075
0.341122
0.341088
0.341153
0.34124
0.341322
0.341432
0.341531
0.341581
0.341637
0.341733
0.341673
0.34164
0.341634
0.341657
0.34166
0.341631
0.341686
0.341687
0.341628
0.341636
0.341634
0.341631
0.341689
0.341699
0.341797
0.341823
0.341898
0.341931
0.342025
0.342005
0.341925
0.341835
0.341877
0.341934
0.342005
0.341972
0.342058
0.342088
0.342077
0.342052
0.342038
0.341991
0.341997
0.342012
0.342056
0.342119
0.342211
0.342278
0.342366
0.34243
0.342408
0.342367
0.342416
0.342496
0.342472
0.342465
0.342512
0.342556
0.342617
0.342582
0.342626
0.342682
0.342723
0.342834
0.342859
0.342858
0.342865
0.342919
0.342957
0.343036
0.343105
0.343141
0.343148
0.343135
0.343349
0.343457
0.343461
0.343471
0.34352
0.343565
0.343565
0.343605
0.343674
0.343679
0.343807
0.343874
0.343853
0.34394
0.344002
0.343922
0.344073
0.34407
0.344021
0.34399
0.343963
0.343936
0.343979
0.34397
0.344086
0.344174
0.344247
0.34435
0.3444
0.344422
0.344495
0.344462
0.344643
0.344662
0.344729
0.344807
0.344828
0.344927
0.345014
0.345101
0.345177
0.345268
0.345334
0.34538
0.345361
0.345387
0.345374
0.34542
0.345439
0.345504
0.345605
0.3456
0.345556
0.345634
0.345608
0.345633
0.345717
0.34567
0.345688
0.345763
0.345727
0.345714
0.345669
0.345727
0.345745
0.345825
0.34587
0.345933
0.345966
0.345944
0.345935
0.345958
0.345956
0.346052
0.346095
0.346166
0.346229
0.346303
0.346324
0.346368
0.34639
0.346354
0.346376
0.346367
0.346401
0.346474
0.346484
0.346511
0.34654
0.346494
0.346488
0.346499
0.346546
0.346579
0.34661
0.346653
0.346672
0.346736
0.3468
0.346846
0.346814
0.346803
0.34683
0.346891
0.34696
0.347065
0.347019
0.347072
0.347079
0.347102
0.347118
0.347119
0.347136
0.347187
0.347193
0.347231
0.347251
0.347211
0.347237
0.347307
0.347285
0.347351
0.347361
0.34741
0.347467
0.347545
0.347569
0.347612
0.347683
0.34773
0.347786
0.347737
0.347688
0.347699
0.34771
0.347747
0.34775
0.347768
0.347819
0.347875
0.347887
0.347961
0.348094
0.34819
0.348275
0.348308
0.348323
0.348295
0.348245
0.34823
0.348261
0.348256
0.348234
0.348221
0.348234
0.348146
0.348173
0.348202
0.348145
0.348157
0.348154
0.348244
0.348278
0.348313
0.348344
0.348402
0.348455
0.348512
0.348515
0.348492
0.348533
0.348562
0.348596
0.348628
0.348589
0.348629
0.348688
0.348715
0.348752
0.348834
0.348829
0.348856
0.348875
0.348911
0.348893
0.348952
0.349011
0.348979
0.349016
0.348981
0.349011
0.349006
0.349106
0.34909
0.349156
0.349211
0.349234
0.349258
0.349263
0.349286
0.34934
0.349396
0.349452
0.349465
0.349486
0.349472
0.349482
0.349456
0.349476
0.349455
0.349478
