0.477148
0.484449
0.496534
0.500479
0.507069
0.507825
0.502466
0.507194
0.513703
0.519771
0.520581
0.5239
0.524718
0.52577
0.522415
0.521313
0.519865
0.519792
0.521695
0.522654
0.522219
0.524793
0.524258
0.524623
0.52294
0.523582
0.523951
0.524635
0.524461
0.524326
0.526487
0.527433
0.528026
0.528572
0.527312
0.527592
0.528083
0.527835
0.528622
0.529977
0.530773
0.530722
0.53093
0.531361
0.532275
0.533217
0.533542
0.533545
0.533359
0.533262
0.533545
0.533769
0.533715
0.534061
0.534467
0.534943
0.534865
0.535544
0.535133
0.535486
0.535348
0.535621
0.535799
0.536223
0.536037
0.53619
0.536065
0.536095
0.535602
0.535966
0.535736
0.535641
0.536221
0.535857
0.536086
0.535993
0.535583
0.534893
0.535111
0.534996
0.534821
0.534925
0.534885
0.535234
0.535309
0.535337
0.535576
0.53525
0.535376
0.534757
0.534621
0.534756
0.534634
0.534663
0.534356
0.534375
0.534304
0.534286
0.534183
0.5338
0.533634
0.533618
0.533815
0.533899
0.533983
0.533986
0.533893
0.534066
0.534087
0.534112
0.534378
0.534502
0.53466
0.534741
0.534801
0.534767
0.534865
0.534923
0.535057
0.53523
0.535068
0.535101
0.535081
0.535122
0.535339
0.535502
0.535811
0.536112
0.536154
0.535833
0.53589
0.535795
0.535753
0.535611
0.5355
0.535716
0.535613
0.535649
0.535777
0.535809
0.53597
0.53604
0.536124
0.536102
0.53611
0.536017
0.535966
0.536106
0.53606
0.536006
0.535911
0.535946
0.536057
0.536067
0.536169
0.536069
0.536188
0.536219
0.536386
0.536277
0.536533
0.536753
0.536579
0.536539
0.536306
0.536402
0.536682
0.536619
0.536884
0.537032
0.537066
0.537338
0.537385
0.537384
0.537001
0.537129
0.537178
0.537259
0.537065
0.537203
0.537194
0.537194
0.537103
0.537142
0.536987
0.537053
0.537023
0.537086
0.53716
0.536989
0.537133
0.537318
0.537336
0.537471
0.537595
0.537622
0.537596
0.537586
0.537464
0.537693
0.537849
0.537845
0.537959
0.538141
0.538269
0.53832
0.538421
0.538283
0.538238
0.538309
0.538388
0.538329
0.538547
0.538447
0.53842
0.538288
0.538256
0.538049
0.537989
0.537815
0.537919
0.53791
0.537934
0.537828
0.537894
0.537926
0.537799
0.537831
0.537703
0.537824
0.537857
0.537798
0.537593
0.537582
0.537343
0.53731
0.537241
0.5372
0.53727
0.537139
0.537063
0.537187
0.537081
0.536827
0.536796
0.536802
0.536841
0.536822
0.536649
0.53675
0.536767
0.53678
0.536875
0.536819
0.536831
0.537015
0.536883
0.536798
0.536871
0.536819
0.536787
0.536762
0.53685
0.536916
0.536886
0.536817
0.536857
0.536861
0.536886
0.536898
0.536846
0.536832
0.536751
0.536674
0.536567
0.536572
0.53648
0.536496
0.536446
0.536392
0.53645
0.536592
0.536562
0.536661
0.536554
0.536713
0.536646
0.536675
0.536674
0.53665
0.536618
0.536759
0.53669
0.536822
0.536767
0.536848
0.536689
0.536766
0.536696
0.536615
0.53655
0.536549
0.536593
0.536699
0.53672
0.536744
0.536721
0.536682
0.536729
0.536875
0.537028
0.536912
0.536927
0.536994
0.536956
0.536995
0.53702
0.537039
0.536968
0.536914
0.537043
0.53717
0.537304
0.537391
0.537507
0.537534
0.537385
0.537281
0.537278
0.537343
0.537363
0.537334
0.5373
0.537226
0.537292
0.537223
0.537132
0.537124
0.537129
0.537093
0.537025
0.536933
0.537011
0.537097
0.537042
0.537091
0.537056
0.537109
0.537233
0.537297
0.537307
0.537373
0.537366
0.537416
0.537479
0.537542
0.537496
0.537468
0.537502
0.537455
0.537496
0.537598
0.537636
0.537688
0.537757
0.537796
0.53781
0.537837
0.53788
0.537949
0.538071
0.538093
0.538161
0.538184
0.538152
0.538234
0.538323
0.538376
0.53831
0.538326
0.538312
0.538276
0.538186
0.538171
0.538045
0.538129
0.537975
0.537869
0.537877
0.537795
0.537824
0.537809
0.537762
0.53779
0.537837
0.537804
0.53785
0.537799
0.537809
0.537808
0.537804
0.537799
0.537862
0.537965
0.538016
0.537907
0.537861
0.537928
0.53795
0.537907
0.537799
0.537783
0.537752
0.537749
0.537673
0.537597
0.537551
0.537695
0.537714
0.537612
0.537623
0.537661
0.537703
0.537692
0.537632
0.537607
0.53757
0.537574
0.53757
0.537643
0.537564
0.537637
0.537566
0.537532
0.53749
0.537404
0.537393
0.537359
0.537294
0.537209
0.537187
0.537127
0.537243
0.537343
0.537361
0.537298
0.537366
0.537296
0.537297
0.537304
0.537371
0.537392
0.537361
0.537328
0.53732
0.537385
0.537378
0.53733
0.537303
0.537312
0.53726
0.53734
0.537336
0.537347
0.53736
0.537343
0.537345
0.537277
0.537337
0.53739
0.537424
0.537384
0.537289
0.537238
0.537174
0.53724
0.537204
0.537075
0.537101
0.537112
0.537207
0.537171
0.537127
0.537068
0.537049
0.537069
0.537009
0.536956
0.536975
0.537012
0.537003
0.537022
0.53704
0.537154
0.537109
0.537125
0.537158
0.537217
0.53728
0.537348
0.537342
0.53728
0.537321
0.537351
0.53734
0.53726
0.537327
0.537317
0.537398
0.537408
0.537382
0.537386
0.537413
0.537428
0.537501
0.537477
0.537471
0.537472
0.537454
0.537473
0.537564
0.537503
0.537524
0.537523
0.537543
0.537547
0.537538
0.537596
0.537663
0.537683
0.537725
0.537704
0.537732
0.537649
0.537653
0.537642
0.537594
0.537665
0.537606
0.537592
0.537612
0.537556
0.537527
0.537564
0.537566
0.537585
0.537584
0.537584
0.537595
0.537588
0.537579
0.537575
0.537571
0.53759
0.537567
0.537574
0.537603
0.537569
0.53761
0.537607
0.537635
0.537647
0.53761
0.537692
0.537731
0.537789
0.537831
0.537858
0.537869
0.537857
0.537823
0.53785
0.53787
0.537859
0.537846
0.537887
0.537856
0.53785
0.53783
0.537868
0.537875
0.537833
0.537833
0.537845
0.537855
0.53784
0.537833
0.537858
0.537871
0.537828
0.537836
0.537872
0.537945
0.53787
0.537846
0.537879
0.537923
0.537935
0.537971
0.537944
0.537946
0.537925
0.537889
0.537859
0.537818
0.537892
0.537973
0.538021
0.538057
0.538067
0.538093
0.53811
0.53809
0.538074
0.538054
0.538025
0.538047
0.538058
0.538023
0.538025
0.538055
0.538036
0.538066
0.538064
0.538085
0.538037
0.538079
0.538057
0.538111
0.538085
0.538065
0.538075
0.538114
0.538123
0.538159
0.538162
0.538189
0.538168
0.538166
0.53817
0.538216
0.538233
0.538264
0.538292
0.538265
0.538312
0.538293
0.538269
0.538277
0.538289
0.53832
0.538299
0.538295
0.538375
0.538371
0.53838
0.5384
0.538371
0.538397
0.53839
0.538383
0.538326
0.538324
0.538327
0.538276
0.538253
0.538167
0.538177
0.538133
0.538065
0.538038
0.537983
0.537958
0.537969
0.537965
0.53793
0.537927
0.537878
0.537799
0.537838
0.537817
0.537801
0.537749
0.537797
0.537854
0.537838
0.537848
0.537872
0.537917
0.537948
0.537958
0.537936
0.537935
0.53795
0.537969
0.537911
0.537849
0.537886
0.537863
0.53791
0.537912
0.537958
0.537913
0.537889
0.537917
0.537982
0.537968
0.537964
0.537998
0.538045
0.538097
0.53809
0.538087
0.538076
0.538035
0.537904
0.537903
0.537915
0.537913
0.537917
0.537964
0.537944
0.53796
0.537855
0.537856
0.537885
0.537866
0.537886
0.537924
0.537908
0.537971
0.537962
0.538014
0.538028
0.538068
0.538044
0.538027
0.538062
0.538044
0.538096
0.538128
0.5381
0.538089
0.538079
0.538075
0.538071
0.538104
0.538124
0.538133
0.538154
0.538157
0.538171
0.538148
0.538125
0.538146
0.53812
0.538141
0.538138
0.538155
0.538116
0.538126
0.538124
0.538152
0.538156
0.538099
0.538152
0.538118
0.538089
0.538073
0.538051
0.538088
0.538065
0.538119
0.538135
0.538187
0.538241
0.538224
0.538223
0.538272
0.538264
0.53826
0.538258
0.538247
0.538259
0.538214
0.538151
0.538159
0.538105
0.538112
0.538058
0.538066
0.538088
0.538096
0.538102
0.538116
0.538105
0.538038
0.537983
0.537974
0.537947
0.537944
0.537907
0.537883
0.537895
0.537909
0.53795
0.537961
0.537913
0.537898
0.537865
0.537848
0.537851
0.53787
0.537891
0.537898
0.537889
0.537939
0.53797
0.537924
0.537926
0.537883
0.537903
0.537945
0.537946
0.537948
0.53796
0.537924
0.537926
0.537923
0.537875
0.53789
0.537907
0.537884
0.537878
0.537881
0.537905
0.53794
0.537944
0.537947
0.537929
0.537958
0.537954
0.537966
0.537974
0.537968
0.538013
0.537994
0.537982
0.537931
0.537924
0.537846
0.537826
0.537796
0.537788
0.537811
0.537831
0.537861
0.537898
0.537938
0.537891
0.537931
0.537944
0.537963
0.537975
0.537917
0.53793
0.537863
0.537917
0.537939
0.537991
0.537989
0.538034
0.538054
0.538065
0.538007
0.538
0.538018
0.538038
0.538038
0.538074
0.538064
0.53805
0.538046
0.538032
0.538018
0.538014
0.538005
0.538023
0.537972
0.537926
0.537934
0.537936
0.537919
0.537912
0.537902
0.537888
0.537941
0.53795
0.537976
0.538007
0.53801
0.538034
0.538043
0.538083
0.538117
0.538105
0.538077
0.538049
0.538035
0.53804
0.538022
0.538035
0.538036
0.538044
0.538071
0.538038
0.538042
0.538056
0.538019
0.53804
0.538057
0.538031
0.538072
0.538051
0.537997
0.537995
0.538004
0.538012
0.53801
0.53802
0.537991
0.537988
0.537981
0.537978
0.537936
0.537933
0.537916
0.537907
0.537901
0.537869
0.537851
0.537873
0.537874
0.53794
0.53792
0.537963
0.537948
0.53793
0.537933
0.537924
0.537947
0.537922
0.537905
0.537884
0.537919
0.537908
0.537932
0.537927
0.537919
0.537946
0.537967
0.537983
0.537985
0.538005
0.537987
0.538008
0.538012
0.537993
0.53797
0.537969
0.537944
0.537908
0.537892
0.5379
0.537934
0.537925
0.537891
0.537903
0.537932
0.53794
0.537937
0.537962
0.538016
0.537977
0.53796
0.537946
0.537931
0.537915
0.537899
