0.904908
0.851991
0.753411
0.699081
0.635673
0.590989
0.558874
0.532605
0.51419
0.501051
0.492826
0.487536
0.483309
0.47799
0.475
0.472324
0.468764
0.466073
0.463191
0.459883
0.457706
0.456174
0.45386
0.451878
0.450298
0.44905
0.446921
0.446018
0.443878
0.442798
0.441563
0.439592
0.440188
0.439312
0.438554
0.437906
0.438017
0.437431
0.43748
0.436521
0.436043
0.43489
0.43447
0.434712
0.434045
0.433583
0.43291
0.433497
0.433061
0.43302
0.432755
0.433145
0.432273
0.431641
0.432677
0.433333
0.4331
0.433267
0.43301
0.433387
0.432904
0.433211
0.433068
0.43278
0.433216
0.433805
0.433664
0.433879
0.433983
0.43453
0.435102
0.435682
0.43483
0.434
0.434501
0.434754
0.434732
0.43442
0.434927
0.434944
0.435411
0.435999
0.436075
0.436046
0.436082
0.435993
0.436097
0.436734
0.437008
0.43698
0.438193
0.438334
0.439203
0.439175
0.439168
0.439899
0.439899
0.43998
0.439821
