0.91092
0.792227
0.624878
0.550432
0.489175
0.455353
0.432773
0.408686
0.394684
0.382564
0.379776
0.378326
0.373708
0.369411
0.36639
0.364297
0.364378
0.361506
0.361281
0.359241
0.356988
0.354258
0.354043
0.351742
0.352643
0.351499
0.34981
0.349508
0.348127
0.347532
0.347454
0.346239
0.345512
0.344813
0.344994
0.344247
0.345015
0.343855
0.345268
0.344014
0.343857
0.342351
0.341034
0.341674
0.340274
0.339444
0.339153
0.338948
0.338716
0.339638
0.33886
0.338949
0.338429
0.337441
0.337252
0.337538
0.33769
0.337654
0.337804
0.33768
0.33844
0.337851
0.337245
0.336605
0.337035
0.336436
0.336041
0.336246
0.336099
0.336065
0.336674
0.336688
0.336624
0.33557
0.335618
0.336274
0.336572
0.336393
0.33657
0.33586
0.336266
0.335986
0.335669
0.335533
0.335222
0.335683
0.335424
0.335595
0.335486
0.335525
0.336019
0.336748
0.3369
0.336405
0.336177
0.336094
0.336265
0.336432
0.336213
