0.367942
0.383912
0.387743
0.397005
0.394392
0.381434
0.379857
0.381567
0.376674
0.37558
0.378896
0.377984
0.379483
0.382948
0.385229
0.386523
0.386627
0.387683
0.383875
0.384855
0.381916
0.385129
0.386883
0.387433
0.387687
0.388647
0.38928
0.389312
0.39105
0.391482
0.391452
0.39218
0.394262
0.39556
0.39698
0.399152
0.399256
0.401152
0.401247
0.400981
0.402383
0.404215
0.403641
0.403546
0.403665
0.403267
0.402787
0.403916
0.404803
0.405542
0.405249
0.405968
0.405893
0.405799
0.406318
0.407219
0.407789
0.408031
0.407811
0.408845
0.409467
0.409889
0.408385
0.407203
0.407581
0.407903
0.407336
0.405839
0.406093
0.40592
0.405853
0.405306
0.404281
0.403616
0.403349
0.4027
0.402159
0.401783
0.401822
0.400931
0.400579
0.400622
0.399973
0.399662
0.399835
0.399895
0.399726
0.399893
0.399036
