0.982249
0.923937
0.852056
0.788612
0.737191
0.704483
0.692176
0.669728
0.654346
0.643339
0.637946
0.633119
0.628526
0.624261
0.620985
0.61694
0.612629
0.609848
0.606061
0.604152
0.601276
0.600038
0.598036
0.5944
0.59325
0.592296
0.589904
0.589644
0.584807
0.580754
0.578631
0.575511
0.573789
0.572322
0.57018
0.568092
0.567584
0.566196
0.564219
0.562376
0.561344
0.561773
0.559764
0.559202
0.558419
0.557033
0.556009
0.556025
0.554644
0.55295
0.551566
0.55081
0.550685
0.549257
0.548757
0.547599
0.546294
0.546547
0.54595
0.544784
0.544869
0.544495
0.54421
0.542932
0.542888
0.542711
0.542474
0.541875
0.541445
0.541282
0.541517
0.541093
0.540782
0.540552
0.540122
0.539776
0.53911
0.537866
0.536405
0.535913
0.535654
0.535594
0.535513
0.535358
0.534585
0.534161
0.533301
0.533312
0.533196
0.53276
0.532606
0.532768
0.532536
0.532567
0.532164
0.531654
0.531464
0.530771
0.530673
