0.966049
0.918058
0.828032
0.756283
0.692033
0.655705
0.633833
0.612383
0.593186
0.581304
0.575469
0.573124
0.567646
0.564475
0.556993
0.550541
0.545826
0.541184
0.537548
0.535032
0.53229
0.529265
0.522575
0.520521
0.518083
0.516068
0.512033
0.510257
0.505043
0.500383
0.497305
0.494435
0.490277
0.488587
0.486094
0.482944
0.482279
0.47963
0.477497
0.475294
0.475456
0.475072
0.473993
0.471909
0.471414
0.469876
0.468593
0.468489
0.467173
0.464482
0.462653
0.461461
0.460755
0.459722
0.458066
0.457507
0.457143
0.455764
0.455081
0.454196
0.452965
0.451927
0.451458
0.451125
0.450959
0.450153
0.449358
0.449128
0.448138
0.448004
0.446187
0.44528
0.444512
0.443652
0.443167
0.441982
0.439275
0.437831
0.435965
0.435039
0.434677
0.434359
0.433996
0.433036
0.433123
0.432653
0.431933
0.430907
0.429727
0.429841
0.429676
0.428395
0.42722
0.426652
0.42575
0.424413
0.424762
0.424302
0.424423
