0.373333
0.415804
0.421348
0.434701
0.426173
0.422109
0.419399
0.424576
0.421544
0.420312
0.42034
0.417752
0.415023
0.416191
0.416169
0.417894
0.418612
0.422112
0.415716
0.410335
0.409248
0.406212
0.403127
0.402963
0.401397
0.399372
0.40083
0.4
0.398835
0.397544
0.397295
0.397377
0.398562
0.398359
0.399718
0.399198
0.400093
0.400571
0.40082
0.398774
0.398377
0.398524
0.398593
0.398693
0.398613
0.398221
0.398348
0.397891
0.398447
0.397573
0.397727
0.398378
0.398388
0.399395
0.399689
0.399621
0.398962
0.399058
0.398939
0.399627
0.399471
0.399474
0.400042
0.400652
0.401575
0.401568
0.400827
0.398573
0.396962
0.397044
0.396907
0.396588
0.396469
0.396666
0.396311
0.395883
0.395315
0.394864
0.394673
0.394958
0.395214
0.395316
0.395257
0.396037
0.39595
0.395678
0.39606
0.395782
0.395948
