0.947839
0.931548
0.780658
0.681018
0.618631
0.579053
0.556199
0.535916
0.52259
0.509816
0.505769
0.500761
0.494766
0.48983
0.485609
0.48304
0.479376
0.478552
0.475544
0.475946
0.474593
0.47215
0.470775
0.469445
0.468341
0.467613
0.466315
0.467222
0.467467
0.466889
0.467666
0.467363
0.46684
0.466775
0.466363
0.466279
0.466887
0.468117
0.468212
0.466679
0.467078
0.467186
0.467975
0.468617
0.468615
0.469122
0.468641
0.468821
0.469806
0.469083
0.469229
0.469982
0.469575
0.469232
0.469421
0.470097
0.469577
0.470111
0.469892
0.470133
0.470082
0.470326
0.471103
0.471263
0.472025
0.472597
0.473134
0.474006
0.47473
0.475224
0.475347
0.47559
0.47595
0.476359
0.477297
0.477376
0.477436
0.477839
0.478188
0.477619
0.476774
0.476957
0.47731
0.477208
0.477095
0.477158
0.477489
0.477876
0.477854
0.478228
0.478152
0.47854
0.478766
0.479043
0.479364
0.479366
0.479387
0.479745
0.480125
