0.863222
0.844512
0.669014
0.583898
0.525253
0.496267
0.472198
0.451902
0.438492
0.423327
0.420785
0.414084
0.407533
0.401052
0.397208
0.393862
0.390365
0.385367
0.384067
0.381349
0.380173
0.377506
0.376571
0.375
0.37287
0.372629
0.371537
0.369048
0.369764
0.367936
0.368042
0.367257
0.36681
0.366227
0.364735
0.364934
0.364908
0.36393
0.362795
0.361329
0.360347
0.361331
0.36183
0.362007
0.361673
0.361911
0.361328
0.361441
0.36112
0.360497
0.361912
0.360867
0.360722
0.36002
0.360922
0.361497
0.361528
0.361558
0.36145
0.361069
0.361013
0.361989
0.36072
0.359943
0.359182
0.359052
0.35948
0.360391
0.359924
0.359687
0.359997
0.359569
0.359469
0.359368
0.359035
0.359017
0.358283
0.358189
0.358001
0.357754
0.356676
0.355738
0.355571
0.355131
0.354367
0.353685
0.353476
0.353223
0.353314
0.35286
0.352854
0.352804
0.353603
0.35415
0.354977
0.354379
0.354296
0.354366
0.355134
