0.382857
0.376256
0.379141
0.379552
0.371503
0.363496
0.36753
0.371816
0.37565
0.380184
0.384786
0.383323
0.386367
0.388207
0.389826
0.392161
0.393123
0.392764
0.392637
0.391616
0.395274
0.397122
0.400476
0.401022
0.403172
0.404399
0.406368
0.406195
0.405622
0.406048
0.40409
0.404641
0.405367
0.406061
0.407385
0.408538
0.409051
0.409113
0.409269
0.408414
0.409869
0.409109
0.409575
0.410208
0.410607
0.410786
0.41132
0.411709
0.411829
0.41078
0.409907
0.41057
0.411006
0.409147
0.409544
0.409924
0.410444
0.410823
0.410793
0.411351
0.410908
0.410753
0.410089
0.410047
0.410331
0.410504
0.41004
0.410382
0.410331
0.410494
0.409269
0.409172
0.40981
0.409516
0.40883
0.40843
0.408188
0.408091
0.408022
0.408118
0.407612
0.407638
0.407426
0.407371
0.407592
0.407195
0.406789
0.406093
0.406099
