0.804734
0.791793
0.697651
0.583903
0.527644
0.490079
0.46952
0.449468
0.428043
0.419268
0.410939
0.407539
0.405186
0.400959
0.396798
0.393868
0.388552
0.385184
0.384034
0.37924
0.376978
0.376367
0.372071
0.370564
0.370566
0.368367
0.367381
0.365885
0.365518
0.364238
0.361792
0.36087
0.360576
0.360628
0.358907
0.358582
0.359001
0.359159
0.358517
0.35865
0.357873
0.355906
0.354059
0.353741
0.353811
0.353993
0.353557
0.353686
0.353165
0.352331
0.352077
0.35195
0.350986
0.350417
0.349909
0.349887
0.34866
0.349338
0.348889
0.348808
0.348232
0.348481
0.347808
0.347822
0.347855
0.347099
0.34756
0.347038
0.346834
0.346339
0.345596
0.346399
0.347067
0.347685
0.347531
0.347412
0.34702
0.346655
0.346331
0.34618
0.345608
0.34563
0.345658
0.345689
0.345774
0.345791
0.346083
0.346056
0.345416
0.345256
0.344917
0.345256
0.345873
0.346807
0.34665
0.34651
0.346594
0.346508
0.34627
