0.924471
0.857675
0.79812
0.688781
0.636691
0.601908
0.573074
0.550671
0.531364
0.517696
0.512872
0.507048
0.502689
0.499119
0.495463
0.492128
0.488217
0.485211
0.482509
0.479988
0.477107
0.475048
0.473679
0.471511
0.469877
0.468913
0.467859
0.466548
0.464052
0.463059
0.462339
0.461708
0.459842
0.458895
0.457744
0.456734
0.455852
0.455056
0.453643
0.453175
0.452151
0.451505
0.450862
0.450144
0.448812
0.447676
0.447154
0.446804
0.446494
0.445992
0.446554
0.445251
0.44493
0.444852
0.444782
0.445559
0.44559
0.445532
0.445426
0.444454
0.443938
0.444367
0.445272
0.445154
0.444808
0.444836
0.445049
0.444521
0.444772
0.444777
0.445235
0.445572
0.445697
0.446171
0.445904
0.445747
0.445439
0.445547
0.445243
0.445036
0.445057
0.445176
0.445074
0.445011
0.445061
0.445292
0.445452
0.446137
0.446486
0.446567
0.446636
0.446874
0.446895
0.446831
0.446522
0.44689
0.446756
0.447103
0.447453
