0.333333
0.366279
0.366089
0.373384
0.379403
0.382297
0.377584
0.376101
0.378521
0.372102
0.3812
0.383967
0.388082
0.392687
0.39716
0.400642
0.404624
0.404998
0.405959
0.407713
0.407795
0.408625
0.408986
0.411602
0.41117
0.412031
0.413568
0.415231
0.415974
0.416677
0.416886
0.417284
0.419125
0.419446
0.419551
0.419187
0.419348
0.418625
0.418216
0.418939
0.417767
0.418142
0.418987
0.419019
0.41851
0.418121
0.419127
0.420244
0.420973
0.420814
0.420643
0.420384
0.419844
0.419952
0.41961
0.419858
0.419868
0.420529
0.420989
0.421268
0.421705
0.421967
0.422211
0.423019
0.422997
0.423207
0.423415
0.423248
0.423662
0.424005
0.424611
0.424718
0.424868
0.42493
0.425302
0.425491
0.425244
0.425818
0.4258
0.426139
0.426239
0.42681
0.426838
0.426671
0.427028
0.427382
0.42739
0.427467
0.428021
