0.85625
0.815315
0.677645
0.595506
0.53718
0.494012
0.479592
0.459792
0.443421
0.43104
0.42432
0.420895
0.413559
0.410737
0.407631
0.405355
0.403226
0.399784
0.395354
0.393327
0.390287
0.388416
0.385394
0.384011
0.383856
0.382487
0.378972
0.376532
0.375739
0.373974
0.371577
0.37111
0.369507
0.369799
0.368626
0.367272
0.366615
0.366297
0.364118
0.362854
0.362241
0.362256
0.361524
0.361089
0.359792
0.360588
0.359618
0.359713
0.35914
0.359174
0.359405
0.358356
0.358887
0.358368
0.358042
0.356523
0.355979
0.356429
0.355967
0.35592
0.355557
0.354927
0.356023
0.355959
0.355308
0.354791
0.354616
0.35438
0.35392
0.35326
0.353
0.35233
0.351329
0.351553
0.351124
0.350811
0.350985
0.351259
0.350993
0.350701
0.351544
0.351434
0.351433
0.350862
0.35029
0.34986
0.349838
0.349529
0.350076
0.350314
0.350025
0.35033
0.350446
0.350748
0.35157
0.35177
0.351806
0.351399
0.35164
