0.941176
0.872564
0.776276
0.691182
0.639952
0.596597
0.570138
0.544411
0.532718
0.518742
0.514759
0.510624
0.505572
0.502523
0.49788
0.494394
0.491084
0.490063
0.48722
0.483591
0.480412
0.477096
0.473557
0.472101
0.471637
0.46831
0.466683
0.465056
0.463306
0.461562
0.461096
0.460555
0.460176
0.46014
0.459647
0.45905
0.458688
0.457921
0.457398
0.455277
0.454941
0.454207
0.453574
0.453313
0.45302
0.451898
0.450222
0.450903
0.450249
0.449762
0.449114
0.449833
0.449659
0.449544
0.450263
0.450608
0.450536
0.450802
0.450905
0.450742
0.451042
0.452032
0.452484
0.451923
0.452183
0.451954
0.451139
0.450797
0.451826
0.451803
0.452112
0.453023
0.453756
0.453762
0.454324
0.454694
0.454984
0.455921
0.456271
0.456217
0.457279
0.458054
0.458833
0.459466
0.459936
0.460764
0.461377
0.461888
0.462601
0.463074
0.463453
0.463072
0.463313
0.463575
0.463946
0.464666
0.465005
0.465361
0.465855
