0.417457
0.419634
0.420026
0.423876
0.419417
0.412345
0.413221
0.410007
0.407236
0.406902
0.406938
0.405933
0.405378
0.406335
0.411429
0.413216
0.415847
0.415162
0.41479
0.41228
0.411914
0.411119
0.412261
0.412773
0.410981
0.411107
0.411993
0.410996
0.410454
0.410556
0.410271
0.408168
0.407194
0.40809
0.40805
0.407904
0.4058
0.406197
0.406471
0.406251
0.405735
0.406072
0.404852
0.403681
0.403367
0.403136
0.403789
0.403521
0.404275
0.403907
0.404794
0.405666
0.406073
0.406146
0.405696
0.405968
0.403563
0.401662
0.402374
0.403081
0.402626
0.402615
0.402396
0.40164
0.400608
0.400098
0.399938
0.400039
0.399923
0.400206
0.401011
0.40164
0.402013
0.402539
0.402607
0.402661
0.403109
0.402946
0.403191
0.403728
0.404533
0.405011
0.404861
0.405059
0.40563
0.406184
0.406759
0.407257
0.407542
