0.733824
0.648162
0.543347
0.505208
0.488038
0.47675
0.474485
0.467581
0.468604
0.466627
0.467038
0.466074
0.464502
0.465243
0.466034
0.466784
0.467051
0.467155
0.466385
0.465537
0.46501
0.464567
0.463926
0.464529
0.46321
0.464286
0.462815
0.462984
0.463432
0.463781
0.46271
0.463053
0.462608
0.462997
0.46229
0.462138
0.460543
0.460889
0.460844
0.46103
0.461703
0.461262
0.461815
0.461739
0.461512
0.462256
0.462391
0.461281
0.460923
0.460461
0.460644
0.460995
0.46097
0.460331
0.461265
0.460734
0.46099
0.460859
0.460686
0.460361
0.460396
0.460884
0.460846
0.460732
0.460868
0.461298
0.46151
0.460687
0.460667
0.460648
0.461206
0.46204
0.461872
0.461819
0.46149
0.461256
0.461414
0.461547
0.461931
0.461504
0.46157
0.461711
0.462106
0.462018
0.46214
0.461682
0.462041
0.462467
0.462355
0.462693
0.462577
0.462617
0.463254
0.463191
0.463766
0.464029
0.464044
0.464531
0.464632
