0.68125
0.46027
0.370079
0.341463
0.324275
0.3125
0.306935
0.299739
0.292165
0.285629
0.28498
0.285403
0.28467
0.284395
0.284243
0.286902
0.288064
0.288106
0.288746
0.289814
0.290354
0.291036
0.292048
0.292883
0.292598
0.291801
0.292723
0.293749
0.293518
0.296126
0.296766
0.297624
0.298486
0.299035
0.300164
0.301287
0.298517
0.299381
0.300924
0.301922
0.303185
0.30468
0.304506
0.305581
0.30533
0.304951
0.306276
0.305532
0.306217
0.306634
0.306728
0.306335
0.30603
0.306855
0.307081
0.306937
0.307814
0.30808
0.307963
0.307247
0.306651
0.307019
0.308251
0.308826
0.309328
0.309737
0.311023
0.311995
0.312258
0.311967
0.312423
0.312963
0.313038
0.313683
0.313987
0.314261
0.3146
0.314528
0.314654
0.315026
0.315369
0.315886
0.316201
0.316488
0.317126
0.317556
0.317953
0.317993
0.318156
0.318884
0.319627
0.320094
0.320466
0.320777
0.320737
0.321126
0.321223
0.322292
0.322451
