0.336634
0.310413
0.313738
0.325492
0.33908
0.34348
0.343186
0.34486
0.343366
0.339989
0.346872
0.35027
0.355738
0.360467
0.361568
0.365032
0.365263
0.369221
0.373524
0.3748
0.376048
0.376773
0.37817
0.379218
0.3788
0.378725
0.375489
0.375767
0.375561
0.376354
0.377881
0.378388
0.37935
0.379266
0.379429
0.378944
0.379229
0.379021
0.379513
0.379736
0.37991
0.379985
0.379204
0.379482
0.37992
0.37953
0.380419
0.38178
0.382569
0.383707
0.383744
0.384015
0.384285
0.384432
0.385016
0.385489
0.385553
0.386395
0.386644
0.386911
0.387775
0.388943
0.387452
0.387983
0.38808
0.388554
0.389175
0.389402
0.389631
0.390042
0.390471
0.390592
0.390982
0.391513
0.391342
0.391677
0.392066
0.391657
0.392244
0.392729
0.392929
0.393256
0.393287
0.393517
0.393298
0.393542
0.393489
0.393051
0.392706
