0.904048
0.863024
0.854684
0.842484
0.831478
0.815862
0.802443
0.791448
0.779035
0.767012
0.760618
0.754273
0.749442
0.742317
0.738078
0.732898
0.728022
0.722259
0.714737
0.709249
0.704089
0.698407
0.692988
0.686021
0.67987
0.672079
0.664786
0.659657
0.65411
0.64904
0.642482
0.637627
0.632096
0.625772
0.619433
0.615023
0.609705
0.604868
0.600543
0.597867
0.593742
0.589115
0.585297
0.581622
0.577875
0.574487
0.571077
0.566697
0.564017
0.561372
0.558688
0.555763
0.554016
0.552032
0.550367
0.548086
0.546769
0.544314
0.542655
0.540938
0.539292
0.53725
0.535284
0.533407
0.531592
0.529768
0.528452
0.527446
0.525668
0.524312
0.521977
0.520568
0.51889
0.51743
0.516322
0.514397
0.513047
0.511198
0.50989
0.509086
0.508091
0.507514
0.505974
0.505227
0.503796
0.503068
0.501771
0.499888
0.498329
0.49721
0.496426
0.495565
0.494671
0.49355
0.492673
0.491386
0.490256
0.489672
0.488549
0.487663
0.487135
0.48631
0.485822
0.484661
0.484058
0.483544
0.482829
0.481946
0.481334
0.480056
0.479381
0.47897
0.478464
0.478203
0.477371
0.476715
0.475913
0.475487
0.475047
0.474512
0.474201
0.473655
0.473268
0.472736
0.472536
0.471775
0.470816
0.469906
0.46915
0.468695
0.468355
0.468004
0.467156
0.467028
0.466768
0.466303
0.46572
0.465236
0.464932
0.464782
0.464158
0.463661
0.463397
0.46313
0.462935
0.462583
0.462248
0.461853
0.461919
0.46149
0.46133
0.461219
0.460797
0.460544
0.460426
0.460273
0.459715
0.459713
0.459555
0.459318
0.45864
0.458264
0.457794
0.457681
0.457284
0.456864
0.456756
0.45647
0.456234
0.455823
0.455508
0.454998
0.454813
0.454741
0.454664
0.454493
0.454364
0.454143
0.453796
0.453742
0.453831
0.453696
0.453369
0.452936
0.452924
0.452615
0.452296
0.452082
0.452149
0.451951
0.451819
0.451474
0.451303
0.451237
0.451155
0.450887
0.451099
0.450912
0.450571
0.450579
0.450499
0.450504
0.450288
0.450374
0.450072
0.450011
0.44984
0.449811
0.449535
0.449239
0.448994
0.449064
0.448907
0.448841
0.448808
0.448883
0.448888
0.44894
0.448639
0.448602
0.448257
0.448225
0.448067
0.448108
0.447977
0.447936
0.447742
0.447675
0.447635
0.447635
0.447344
0.447164
0.447218
0.447098
0.446991
0.44681
0.446862
0.446713
0.446762
0.446671
0.446666
0.446538
0.446431
0.446197
0.446189
0.445951
0.445699
0.445814
0.44571
0.445528
0.44547
0.445545
0.445437
0.445272
0.445249
0.44513
0.445232
0.445166
0.445169
0.445328
0.445098
0.445032
0.444821
0.444946
0.444913
0.444951
0.44492
0.444707
0.444588
0.44468
0.444689
0.444634
0.444709
0.444716
0.444701
0.444533
0.444635
0.444741
0.444667
0.444601
0.444558
0.444604
0.44443
0.444295
0.444046
0.443952
0.44387
0.443775
0.443571
0.443573
0.443555
0.443564
0.443716
0.443649
0.443597
0.443546
0.44364
0.443858
0.443769
0.443794
0.443813
0.443806
0.443543
0.443486
0.443535
0.44356
0.443579
0.443735
0.443859
0.443963
0.443817
0.443751
0.443837
0.443842
0.443953
0.444019
0.443884
0.443826
0.44368
0.443636
0.443626
0.443567
0.44357
0.443567
0.443572
0.443567
0.443553
0.443504
0.443431
0.443372
0.443389
0.443291
0.443283
0.443331
0.443505
0.443529
0.443572
0.443456
0.443467
0.443435
0.443492
0.443532
0.443632
0.443653
0.443637
0.443705
0.44379
0.443775
0.443846
0.443951
0.443867
0.443828
0.443852
0.443883
0.44386
0.443922
0.443873
0.443898
0.443843
0.443847
0.443775
0.443601
0.443574
0.443514
0.44344
0.443344
0.443415
0.443498
0.443374
0.443415
0.443504
0.443408
0.443385
0.443456
0.443376
0.443367
0.443243
0.443222
0.443153
0.443146
0.443058
0.443053
0.443129
0.443216
0.443205
0.443177
0.443138
0.443116
0.443181
0.443204
0.44322
0.443252
0.443261
0.443239
0.443258
0.443349
0.443243
0.443147
0.443081
0.443086
0.442958
0.442921
0.443025
0.443182
0.443245
0.443421
0.443474
0.443497
0.443577
0.443708
0.443755
0.443792
0.443827
0.443752
0.443692
0.443804
0.443766
0.44377
0.44383
0.44384
0.443742
0.443784
0.443897
0.443932
0.443885
0.44389
0.443944
0.443965
0.444099
0.444055
0.444001
0.444027
0.444055
0.444071
0.444116
0.444165
0.444257
0.44443
0.444456
0.444417
0.444419
0.444448
0.444465
0.444499
0.444607
0.444578
0.444611
0.444578
0.444522
0.444569
0.444574
0.444592
0.444532
0.444591
0.444579
0.444608
0.444637
0.444626
0.444748
0.444758
0.444836
0.444933
0.444985
0.445022
0.44509
0.445074
0.445135
0.445155
0.445095
0.445075
0.445097
0.445131
0.445125
0.445181
0.445156
0.445157
0.445216
0.445267
0.445311
0.44528
0.445274
0.445213
0.445201
0.445207
0.44525
0.44516
0.445198
0.44518
0.445207
0.445207
0.445321
0.445294
0.445338
0.445423
0.445478
0.445538
0.445528
0.445495
0.445457
0.445443
0.445525
0.445435
0.445395
0.44548
0.445399
0.445382
0.44541
0.445507
0.445503
0.445564
0.44551
0.445527
0.445633
0.445684
0.445672
0.445703
0.445737
0.445721
0.445672
0.445625
0.44562
0.445707
0.445768
0.445732
0.445761
0.445726
0.445729
0.445776
0.445763
0.445787
0.445854
0.445935
0.446005
0.44609
0.446206
0.44624
0.446267
0.446259
0.446295
0.446351
0.44644
0.446554
0.446673
0.446674
0.446704
0.446737
0.446752
0.446823
0.446938
0.446929
0.446991
0.446957
0.446937
0.446953
0.447046
0.447111
0.447132
0.447162
0.447134
0.447135
0.447115
0.447097
0.44709
0.447064
0.447136
0.447067
0.447107
0.447165
0.447161
0.447164
0.44716
0.447114
0.447024
0.447046
0.44706
0.447091
0.4471
0.447124
0.447103
0.447106
0.447117
0.447101
0.447091
0.44703
0.447028
0.447119
0.447103
0.447075
0.447115
0.447146
0.447219
0.447256
0.447303
0.447287
0.447287
0.447327
0.447457
0.447483
0.447469
0.447506
0.447563
0.447659
0.447786
0.447867
0.447876
0.447868
0.447879
0.447894
0.447932
0.447949
0.447995
0.448014
0.448008
0.44802
0.447946
0.44793
0.447941
0.448059
0.448107
0.448106
0.448236
0.448253
0.448199
0.448141
0.448168
0.448233
0.448291
0.448287
0.44829
0.448264
0.448358
0.448404
0.448431
0.448383
0.448396
0.448401
0.448421
0.448493
0.448423
0.448498
0.44856
0.448474
0.448519
0.448504
0.448525
0.448557
0.448592
0.448636
0.448634
0.448608
0.448762
0.448888
0.448918
0.448951
0.448931
0.448944
0.448913
0.448933
0.448901
0.448864
0.448828
0.44886
0.448839
0.448856
0.448875
0.448917
0.448981
0.449039
0.449077
0.4491
0.449179
0.449175
0.449288
0.44928
0.449307
0.44937
0.449487
0.449602
0.449651
0.449771
0.449751
0.449734
0.449736
0.449829
0.449851
0.449825
0.449911
0.449957
0.450005
0.450077
0.450141
0.450157
0.450151
0.450187
0.450233
0.450238
0.450302
0.450298
0.450308
0.45031
0.450373
0.450345
0.450359
0.450466
0.450471
0.450473
0.450519
0.450553
0.450626
0.450619
0.450601
0.450595
0.450643
0.45058
0.450662
0.450648
0.450656
0.450697
0.450692
0.450712
0.450777
0.450788
0.450794
0.450842
0.450887
0.450975
0.450979
0.450957
0.450946
0.451026
0.451106
0.45116
0.451182
0.45124
0.451268
0.451304
0.451356
0.451376
0.451412
0.451442
0.451504
0.451575
0.451603
0.451615
0.451623
0.451639
0.451592
0.451647
0.451703
0.451715
0.451682
0.451725
0.451733
0.451692
0.451739
0.451744
0.451751
0.45175
0.451857
0.451915
0.451983
0.452002
0.452064
0.452052
0.452112
0.45212
0.452138
0.452153
0.452215
0.452261
0.452231
0.452244
0.452299
0.452318
0.452345
0.452397
0.45243
0.452373
0.452436
0.452424
0.45247
0.452465
0.452539
0.452576
0.452585
0.45264
0.452748
0.452781
0.452786
0.452812
0.452863
0.452852
0.452897
0.452906
0.452942
0.453034
0.453052
0.453044
0.453078
0.453067
0.453153
0.45317
0.453195
0.453178
0.453264
0.453284
0.45327
0.453305
0.453319
0.453336
0.453306
0.453351
0.453384
0.453445
0.453472
0.453533
0.453553
0.453644
0.453643
0.453681
0.453734
0.453757
0.453811
0.45391
0.453934
0.453966
0.454044
0.454127
0.454172
0.454216
0.45419
0.454212
0.454309
0.454278
0.454288
0.454279
0.45432
0.454397
0.45442
0.45443
0.454466
0.454506
0.454519
0.454539
0.454567
0.454542
0.454562
0.454667
0.454715
0.454753
0.454813
0.454814
0.454812
0.454862
0.45488
0.454908
0.454958
0.454993
0.45501
0.454972
0.45502
0.455017
0.45506
0.455086
0.455164
0.455256
0.455254
0.455267
0.455245
0.455288
0.455359
0.455375
0.455377
0.455342
0.455369
0.455395
0.455423
0.455421
0.455506
0.455561
0.455636
0.455685
0.455672
0.455703
0.455715
0.455761
0.455772
0.455796
0.455839
0.455891
0.455885
0.45589
0.455888
0.455914
0.455978
0.455974
0.45599
0.456025
0.456086
0.456104
0.456102
0.456159
0.4562
0.456198
0.45618
0.456197
0.456214
0.456218
0.456219
0.45624
0.456281
0.456364
0.456425
0.45653
0.456567
0.456605
0.456637
0.456649
0.456693
0.456741
0.456763
0.456804
0.456837
0.456839
0.45685
0.456874
0.456855
0.456904
0.456926
0.456881
0.456894
0.456931
0.456993
0.45698
0.457056
0.457058
0.457136
0.457169
0.457184
0.457221
0.457229
0.457247
0.457263
0.457235
0.45729
0.457322
0.457391
0.457459
0.457516
0.457589
0.457595
0.457633
0.457708
0.457749
0.457789
0.457825
0.457846
0.457875
0.45788
0.457884
0.457875
0.45793
0.458009
0.458007
0.458019
0.458021
0.458065
0.458094
0.458118
0.458137
0.458193
0.458195
0.458223
0.458226
0.458272
0.458328
0.458325
0.458347
0.458437
0.458489
0.458502
0.458537
0.458564
0.458561
0.458634
0.458681
0.458742
0.458781
0.458844
0.458918
0.458923
0.458977
0.459076
0.459091
0.459116
0.459137
0.45916
0.459192
0.4592
