0.816817
0.787651
0.787317
0.777778
0.762075
0.744883
0.724818
0.704273
0.684615
0.669159
0.661046
0.651055
0.645246
0.640672
0.632844
0.627383
0.620211
0.617564
0.611725
0.607705
0.60214
0.598376
0.591109
0.584892
0.578128
0.572104
0.569102
0.562671
0.556042
0.551288
0.545387
0.540183
0.536252
0.530406
0.52708
0.521052
0.519083
0.517855
0.512217
0.508431
0.505014
0.500653
0.497322
0.494106
0.491153
0.488643
0.485109
0.481478
0.477878
0.475698
0.47316
0.471664
0.470096
0.468444
0.465936
0.463813
0.461943
0.45994
0.458453
0.45635
0.454108
0.451782
0.449541
0.447399
0.44608
0.444608
0.442591
0.441322
0.440264
0.439287
0.438295
0.43715
0.436026
0.434677
0.434239
0.432789
0.431427
0.430726
0.430016
0.428887
0.427236
0.425096
0.42369
0.423219
0.422202
0.421503
0.420398
0.419695
0.418265
0.417643
0.416734
0.415465
0.414281
0.413163
0.412306
0.411093
0.410041
0.409607
0.409088
0.408828
0.408521
0.407279
0.406694
0.405221
0.404696
0.404421
0.403815
0.403136
0.402104
0.400717
0.399784
0.399969
0.398883
0.398129
0.397685
0.39714
0.396956
0.39604
0.396341
0.395518
0.395245
0.394728
0.39416
0.394157
0.393782
0.393121
0.392857
0.392642
0.391899
0.391275
0.390953
0.390242
0.389785
0.389492
0.389348
0.389077
0.388502
0.3881
0.388265
0.387945
0.387699
0.387618
0.387498
0.38719
0.386765
0.386693
0.386285
0.385776
0.38566
0.385759
0.385302
0.384818
0.384651
0.384571
0.383992
0.383912
0.383641
0.383673
0.383439
0.382927
0.382542
0.382131
0.38153
0.381122
0.380619
0.380382
0.379713
0.379527
0.379479
0.379474
0.379038
0.378832
0.378511
0.37816
0.378299
0.378079
0.378197
0.377882
0.377377
0.376765
0.376529
0.376215
0.37627
0.376098
0.376063
0.376083
0.375994
0.37587
0.375479
0.375425
0.375165
0.374906
0.374868
0.374572
0.374059
0.374034
0.373916
0.373997
0.373828
0.373883
0.373459
0.373237
0.373167
0.373172
0.3729
0.372964
0.372959
0.372999
0.372818
0.372796
0.372973
0.373014
0.37296
0.372595
0.372649
0.372762
0.372585
0.372114
0.372034
0.371972
0.371982
0.372077
0.37191
0.371798
0.371636
0.371633
0.371381
0.371284
0.371285
0.371275
0.371179
0.371303
0.371285
0.371273
0.370862
0.370864
0.371065
0.370882
0.370874
0.37069
0.370691
0.370703
0.370682
0.370782
0.370715
0.370814
0.370853
0.370777
0.371011
0.370839
0.371014
0.371291
0.371088
0.371043
0.371016
0.370904
0.370621
0.370412
0.37028
0.370328
0.37019
0.370197
0.370173
0.369926
0.370011
0.370048
0.370225
0.370319
0.370178
0.370364
0.37021
0.370354
0.370371
0.370347
0.370448
0.370597
0.370867
0.370728
0.370761
0.370585
0.37055
0.370426
0.370453
0.370465
0.370728
0.370878
0.370716
0.370634
0.370655
0.370808
0.370784
0.370887
0.370915
0.371008
0.371044
0.371074
0.371213
0.371219
0.37104
0.370893
0.37114
0.371064
0.371133
0.371204
0.371284
0.371223
0.371297
0.37122
0.371165
0.371115
0.371148
0.371105
0.371071
0.371087
0.37129
0.371298
0.371475
0.371375
0.371297
0.37124
0.371358
0.371471
0.371465
0.3717
0.371686
0.371794
0.371973
0.371997
0.372117
0.372035
0.372087
0.371971
0.371781
0.371834
0.371572
0.371588
0.371462
0.371396
0.371509
0.371494
0.371303
0.371153
0.371298
0.371455
0.371363
0.371404
0.371304
0.371374
0.371619
0.371615
0.371538
0.371662
0.371833
0.371948
0.371854
0.371903
0.371979
0.372109
0.37203
0.371999
0.37212
0.372249
0.372379
0.372333
0.372105
0.372139
0.371995
0.372026
0.372008
0.371941
0.37207
0.372034
0.372133
0.372172
0.372183
0.372378
0.372256
0.372251
0.372198
0.37218
0.372264
0.372325
0.372449
0.372374
0.372478
0.372451
0.372389
0.372429
0.372487
0.372519
0.372274
0.372306
0.372281
0.372237
0.372318
0.372285
0.37247
0.372644
0.372684
0.372655
0.372659
0.372693
0.372579
0.372631
0.372693
0.372674
0.372768
0.37272
0.372761
0.372709
0.372805
0.372894
0.372936
0.37298
0.37292
0.372959
0.372868
0.373015
0.372928
0.373062
0.37301
0.373009
0.37294
0.372996
0.373027
0.373014
0.37309
0.372945
0.372917
0.37301
0.372961
0.373135
0.373242
0.373216
0.373251
0.373323
0.373364
0.373551
0.373623
0.373641
0.373581
0.373582
0.37355
0.373559
0.373655
0.37365
0.373753
0.373883
0.373844
0.373835
0.373783
0.373799
0.373846
0.373822
0.373715
0.373625
0.373702
0.37371
0.373671
0.373679
0.373656
0.373628
0.373645
0.37382
0.373847
0.373827
0.373786
0.373909
0.373865
0.373891
0.374075
0.374126
0.374182
0.374221
0.374107
0.374078
0.374098
0.374187
0.374121
0.374208
0.374359
0.374497
0.374563
0.37481
0.374869
0.374838
0.374921
0.374902
0.374904
0.374888
0.374913
0.37498
0.374936
0.374903
0.374816
0.37483
0.374827
0.3748
0.374702
0.374666
0.374682
0.374686
0.374543
0.374581
0.374591
0.374657
0.374727
0.374601
0.374636
0.374643
0.374667
0.37464
0.374585
0.37456
0.374513
0.374491
0.37454
0.374581
0.374702
0.374833
0.374842
0.374957
0.375003
0.375018
0.375
0.375037
0.375146
0.375176
0.37524
0.375219
0.375312
0.375224
0.375144
0.375149
0.37523
0.375105
0.37512
0.375066
0.375085
0.375108
0.375129
0.375204
0.375154
0.375063
0.375155
0.375209
0.375217
0.375382
0.375336
0.375366
0.375325
0.375343
0.375237
0.375179
0.375297
0.375433
0.375554
0.375642
0.375699
0.375776
0.375759
0.375876
0.375889
0.375932
0.375915
0.37597
0.375971
0.376022
0.375921
0.376051
0.376028
0.376065
0.376131
0.376136
0.376183
0.37621
0.37631
0.376274
0.376282
0.376167
0.376361
0.376318
0.376366
0.37637
0.37632
0.376278
0.376157
0.376354
0.37634
0.376357
0.37651
0.376556
0.376592
0.376656
0.376706
0.37683
0.376941
0.376958
0.376899
0.377084
0.377132
0.377192
0.377233
0.377342
0.377338
0.377363
0.37738
0.377451
0.37746
0.377352
0.377236
0.377203
0.377226
0.377267
0.377375
0.377392
0.377365
0.377336
0.377396
0.377464
0.377415
0.377443
0.377439
0.377407
0.37749
0.377475
0.377461
0.377447
0.377515
0.37748
0.377578
0.377526
0.377524
0.377538
0.377524
0.377422
0.377538
0.377485
0.377519
0.377454
0.377379
0.37736
0.37737
0.377404
0.377408
0.377441
0.377428
0.377443
0.377506
0.377596
0.3777
0.377684
0.377743
0.377715
0.377672
0.377578
0.377632
0.377628
0.377758
0.377856
0.377951
0.37789
0.37801
0.377986
0.377986
0.37801
0.377963
0.377964
0.378026
0.378025
0.378019
0.378115
0.378269
0.378343
0.378396
0.378463
0.378433
0.378553
0.378591
0.378694
0.378699
0.378662
0.378559
0.378504
0.378439
0.378417
0.37849
0.378441
0.37851
0.378618
0.378535
0.378557
0.378548
0.37866
0.378724
0.378742
0.378786
0.378724
0.378819
0.378896
0.378925
0.378904
0.378872
0.378873
0.378925
0.379017
0.378988
0.379037
0.379119
0.379159
0.379149
0.379127
0.37923
0.379226
0.379327
0.379364
0.379382
0.379377
0.379467
0.3795
0.379561
0.379511
0.37949
0.379528
0.379468
0.379488
0.379565
0.3796
0.379618
0.379561
0.379628
0.379714
0.37981
0.379865
0.379945
0.379911
0.379963
0.380067
0.380244
0.380245
0.380328
0.380338
0.380331
0.380425
0.380397
0.380487
0.380522
0.380529
0.380583
0.380633
0.380636
0.38064
0.380615
0.380522
0.380525
0.380603
0.380688
0.380662
0.380662
0.380738
0.380737
0.380685
0.380794
0.380808
0.380883
0.380926
0.380924
0.380963
0.381018
0.380971
0.380942
0.381023
0.381094
0.381017
0.381116
0.381129
0.38126
0.381258
0.381292
0.381417
0.381424
0.381488
0.381527
0.381491
0.381535
0.381693
0.381715
0.381811
0.381945
0.382052
0.382075
0.382156
0.382169
0.382209
0.382202
0.382183
0.382241
0.382407
0.382395
0.382368
0.382475
0.382518
0.382504
0.382469
0.382479
0.382585
0.382609
0.382622
0.382698
0.382768
0.382742
0.382749
0.382794
0.382835
0.382848
0.382842
0.382916
0.382983
0.383048
0.383105
0.38311
0.38316
0.383171
0.383254
0.383267
0.383294
0.383322
0.383326
0.383337
0.383331
0.383416
0.383458
0.383556
0.383625
0.38375
0.383841
0.383858
0.383905
0.383971
0.38405
0.384057
0.384085
0.384118
0.384074
0.38409
0.384167
0.384091
0.384144
0.384142
0.384165
0.384056
0.384042
0.383997
0.384006
0.384031
0.384087
0.384129
0.384143
0.384186
0.384234
0.384301
0.384346
0.384429
0.384553
0.384597
0.384647
0.384676
0.384687
0.384677
0.38473
0.38481
0.384835
0.384905
0.384962
0.384952
0.384968
0.384958
0.384944
0.384873
0.384877
0.384902
0.385002
0.385105
0.38514
0.385203
0.385199
0.385255
0.385246
0.385254
0.385199
0.385191
0.38517
0.385098
0.385126
0.385195
0.3852
0.385167
0.385136
0.385136
0.385135
0.385172
0.385254
0.385266
0.385284
0.385279
0.38533
0.385431
0.38548
0.385483
0.385475
0.38553
0.385603
0.385648
0.385657
0.385718
0.38574
0.385832
0.385876
0.385901
0.385892
0.385934
0.385957
0.38593
0.385969
0.385978
0.386068
0.386029
0.386088
0.386096
0.386049
0.386076
0.3861
0.386036
0.385996
0.385998
0.38603
0.386061
0.386162
0.386254
0.386363
0.386424
0.386471
0.386444
0.386513
0.386559
0.386593
0.386542
0.386608
0.386617
0.386604
0.386623
0.386607
0.38666
0.386749
0.38679
0.386872
0.3869
0.386953
0.386958
0.386977
0.386919
0.386845
0.386782
0.386874
0.386923
0.386954
0.387004
0.387043
0.387105
0.387107
0.387137
0.387163
0.387227
0.387244
0.387253
0.38728
0.387307
0.387344
0.387316
0.387336
0.387355
0.387409
0.387467
0.387418
0.387468
0.387447
0.387465
0.387454
0.387507
0.387558
0.387585
0.387619
0.387659
0.38759
0.387616
0.387673
0.387655
0.387666
0.387654
