0.594488
0.568533
0.585742
0.59556
0.597131
0.590677
0.588411
0.588627
0.586786
0.586266
0.592638
0.596087
0.600147
0.601395
0.598086
0.595082
0.592872
0.592026
0.588431
0.586375
0.581981
0.579491
0.575833
0.572363
0.570444
0.567749
0.564971
0.561195
0.559131
0.559203
0.558576
0.558469
0.558724
0.558041
0.558871
0.55813
0.556956
0.555655
0.556026
0.556151
0.556013
0.556068
0.555821
0.55581
0.555387
0.555436
0.555605
0.555608
0.555186
0.5554
0.555316
0.555981
0.556543
0.556403
0.556035
0.555326
0.554379
0.554378
0.554887
0.554976
0.553858
0.553259
0.553645
0.553514
0.552984
0.552728
0.552614
0.55223
0.551542
0.551382
0.551559
0.550619
0.549912
0.549641
0.549478
0.549156
0.548667
0.548577
0.548877
0.548147
0.547479
0.547141
0.547061
0.546971
0.546859
0.546657
0.546831
0.546225
0.545894
0.545891
0.545543
0.545557
0.545397
0.544571
0.544512
0.543882
0.543719
0.543467
0.543329
0.543023
0.542962
0.543225
0.543236
0.542727
0.54227
0.542119
0.542088
0.541882
0.542087
0.541869
0.541766
0.541784
0.541983
0.541944
0.542077
0.54188
0.541889
0.541857
0.541745
0.541953
0.541901
0.541635
0.541298
0.541298
0.54139
0.54129
0.541029
0.541046
0.540946
0.5409
0.541015
0.540799
0.541013
0.540944
0.541052
0.541327
0.541328
0.541199
0.541073
0.540948
0.541085
0.541097
0.541263
0.541434
0.541492
0.541485
0.541398
0.541635
0.541733
0.541808
0.541388
0.541165
0.540638
0.540626
0.540801
0.540709
0.540541
0.540387
0.54029
0.540297
0.540172
0.540155
0.539839
0.539897
0.539863
0.539985
0.539849
0.539661
0.539427
0.539579
0.539744
0.539673
0.53967
0.539543
0.539629
0.539603
0.539383
0.539344
0.539452
0.539425
0.539306
0.539137
0.53935
0.539444
0.539323
0.539305
0.539068
0.539116
0.538906
0.538837
0.538741
0.538783
0.538668
0.538672
0.538766
0.538468
0.538269
0.538314
0.538366
0.538477
0.538215
0.538311
0.538235
0.538296
0.538087
0.537916
0.537706
0.537794
0.537842
0.537762
0.53772
0.537554
0.537373
0.537254
0.537182
0.537203
0.537125
0.537026
0.536936
0.53679
0.536763
0.536635
0.536757
0.536879
0.537089
0.537079
0.537178
0.537256
0.537181
0.537156
0.537084
0.536984
0.536904
0.536739
0.53677
0.536743
0.536686
0.536566
0.536678
0.536549
0.53657
0.536608
0.53656
0.536591
0.53654
0.536443
0.536459
0.536434
0.536615
0.536627
0.536734
0.536647
0.536654
0.536589
0.536651
0.536545
0.536609
0.536563
0.536474
0.536459
0.536483
0.536559
0.536605
0.536638
0.536587
0.536527
0.536534
0.536646
0.53665
0.536612
0.536485
0.536408
0.536417
0.536353
0.536274
0.536288
0.53632
0.536243
0.536361
0.536326
0.536234
0.536287
0.536238
0.536169
0.536174
0.536241
0.536218
0.536309
0.536227
0.536255
0.536348
0.536333
0.536238
0.536154
0.536162
0.53627
0.53628
0.536348
0.536316
0.536153
0.536088
0.536087
0.536085
0.53611
0.536029
0.536025
0.535903
0.535858
0.535874
0.535899
0.535874
0.535759
0.535682
0.535646
0.535668
0.535751
0.53578
0.535677
0.5357
0.535653
0.535649
0.535625
0.535751
0.535806
0.53573
0.535828
0.535842
0.535827
0.535819
0.535823
0.535757
0.535703
0.535638
0.535594
0.535649
0.535531
0.535531
0.535639
0.535663
0.535746
0.535804
0.535864
0.535833
0.535837
0.535867
0.535839
0.535828
0.535735
0.535749
0.535721
0.535668
0.5356
0.53546
0.535396
0.535459
0.535561
0.535536
0.535588
0.535596
0.535562
0.535594
0.535524
0.535552
0.53556
0.535516
0.535479
0.535494
0.535517
0.535549
0.535469
0.535395
0.535456
0.535293
0.535296
0.535153
0.535137
0.535074
0.534954
0.534918
0.534885
0.534823
0.534826
0.534763
0.534704
0.534712
0.534719
0.534756
0.534774
0.534837
0.53486
0.534875
0.534833
0.534886
0.534938
0.534962
0.535013
0.534968
0.534943
0.534991
0.535012
0.534998
0.535049
0.534969
0.534839
0.53485
0.534738
0.534718
0.534631
0.534565
0.534559
0.534565
0.534598
0.534604
0.534545
0.534486
0.534433
0.534389
0.534294
0.53415
0.534145
0.534164
0.534269
0.534339
0.534318
0.534384
0.534382
0.534409
0.534536
0.534579
0.534494
0.534476
0.534539
0.534619
0.534589
0.534665
0.534642
0.534649
0.534602
0.534644
0.534673
0.534688
0.534674
0.53475
0.534812
0.534853
0.534903
0.534923
0.534969
0.53497
0.534935
0.534851
0.534839
0.534839
0.53491
0.534879
0.534946
0.534995
0.535005
0.534867
0.534911
0.534843
0.534907
0.53496
0.534879
0.534877
0.534942
0.534907
0.534886
0.534832
0.53482
0.534849
0.534773
0.534689
0.534573
0.534522
0.534547
0.534579
0.534583
0.53456
0.534492
0.53452
0.534446
0.534381
0.534341
0.534238
0.53426
0.534356
0.534367
0.534356
0.534305
0.534247
0.53421
0.534126
0.534023
0.533986
0.533929
0.533865
0.533814
0.533812
0.533828
0.533855
0.533937
0.533897
0.53389
0.533922
0.533923
0.534014
0.534088
0.534111
0.534132
0.534113
0.534197
0.534211
0.534156
0.534169
0.534092
0.534133
0.534081
0.534048
0.534014
0.534012
0.534013
0.533955
0.533922
0.533969
0.534011
0.53401
0.534007
0.534057
0.534083
0.534037
0.534096
0.53408
0.534124
0.534064
0.534051
0.533969
0.533957
0.533905
0.533931
0.533957
0.533937
0.533974
0.533994
0.533959
0.534014
0.534017
0.534118
0.534117
0.53413
0.534138
0.53416
0.534107
0.534149
0.534137
0.534149
0.534135
0.534141
0.534127
0.534163
0.534151
0.534058
0.534045
0.533964
0.533901
0.533903
0.533948
0.533947
0.533947
0.533927
0.533859
0.533889
0.533887
0.533841
0.533814
0.533837
0.533925
0.533992
0.533998
0.533981
0.533945
0.533906
0.533879
0.533881
0.533848
0.533825
0.533755
0.533726
0.533695
0.533652
0.533683
0.533675
0.533661
0.533589
0.533617
0.533677
0.53366
0.533648
0.533616
0.533641
0.533727
0.533781
0.533746
0.53377
0.5338
0.533722
0.533738
0.533771
0.533832
0.53384
0.53389
0.533937
0.533974
0.534037
0.53407
0.533985
0.53397
0.534005
0.533994
0.534092
0.53409
0.534042
0.533993
0.534017
0.534038
0.534049
0.53412
0.534172
0.534168
0.534199
0.534164
0.534161
0.534159
0.534136
0.534073
0.534067
0.534075
0.534063
0.533961
0.533861
0.533773
0.533772
0.53376
0.533723
0.533723
0.533703
0.533636
0.533665
0.533685
0.53372
0.533721
0.533698
0.533675
0.533691
0.533703
0.533689
0.533726
0.533739
0.53371
0.53369
0.533704
0.533765
0.533769
0.533775
0.533743
0.533732
0.533681
0.533719
0.533642
0.533666
0.533636
0.533671
0.533673
0.533675
0.533646
0.533657
0.533652
0.533606
0.533575
0.533583
0.533552
0.53353
0.53347
0.533506
0.533435
0.533439
0.533439
0.533451
0.533473
0.5335
0.533506
0.533499
0.533495
0.533499
0.533479
0.533481
0.533473
0.533423
0.533469
0.533461
0.533441
0.533451
0.533404
0.533435
0.53341
0.53339
0.533433
0.533395
0.533403
0.533372
0.533408
0.5334
0.533363
0.533335
0.533349
0.533315
0.53333
0.533336
0.533314
0.533315
0.533356
0.533391
0.533432
0.533408
0.533382
0.533359
0.533353
0.533397
0.533452
0.533417
0.533424
0.533456
0.533521
0.533495
0.533476
0.533428
0.533452
0.533455
0.533464
0.533393
0.533381
0.533371
0.533318
0.533328
0.533311
0.533334
0.53336
0.533415
0.533409
0.53345
0.533493
0.53347
0.533463
0.533484
0.533532
0.53351
0.533523
0.533519
0.533498
0.533497
0.533524
0.533519
0.533475
0.533507
0.533485
0.533465
0.533491
0.533425
0.533469
0.533468
0.533451
0.533467
0.533484
0.533491
0.533505
0.533497
0.533477
0.533486
0.533466
0.533547
0.533522
0.533549
0.533514
0.533475
0.533405
0.533403
0.53343
0.533489
0.533467
0.533509
0.533515
0.533547
0.533539
0.533509
0.533512
0.533486
0.533492
0.533534
0.533549
0.533604
0.533578
0.533575
0.53352
0.533514
0.533452
0.533434
0.533485
0.533443
0.533402
0.533372
0.533379
0.533404
0.533402
0.533376
0.533366
0.533386
0.533436
0.533428
0.533439
0.533416
0.533429
0.533406
0.533383
0.533384
0.533341
0.533356
0.533341
0.533374
0.533376
0.533394
0.533386
0.533362
0.533358
0.533371
0.533386
0.533383
0.533394
0.533381
0.533402
0.533392
0.533419
0.533422
0.533415
0.533355
0.533372
0.533411
0.533444
0.533465
0.53349
0.533511
0.533488
0.533497
0.533535
0.533524
0.533546
0.533579
0.533595
0.533613
0.533613
0.533683
0.533734
0.53377
0.533732
0.533729
0.533685
0.533684
0.53364
0.533668
0.533672
0.533652
0.533674
0.533621
0.533594
0.533596
0.533558
0.533526
0.533522
0.533504
0.533529
0.533548
0.53356
0.533621
0.53362
0.533635
0.533664
0.533649
0.533621
0.53361
0.533579
0.533583
0.533583
0.533571
0.533545
0.533588
0.533562
0.533487
0.53351
0.533467
0.533487
0.533492
0.533515
0.533546
0.533576
0.533572
0.533586
0.533577
0.533562
0.533569
0.533576
0.533559
0.533573
0.53362
0.533622
0.533612
0.533579
0.533642
0.533618
0.533578
0.533573
0.533547
0.533554
0.533584
0.533559
0.533591
0.533569
0.533551
0.533532
0.533543
0.533522
0.533481
0.533476
0.533439
0.533441
0.53345
0.533422
0.533413
0.53341
0.533439
0.533469
0.533511
0.533528
0.533508
0.533546
0.533532
0.533571
0.533609
0.533633
0.533648
0.533678
0.53369
0.533668
0.533655
0.533615
0.53365
0.533648
0.533645
0.533648
0.533642
0.533665
0.533669
0.533664
0.533658
0.533626
0.533619
0.533639
0.533657
0.533649
0.533689
0.533717
0.53371
0.533716
0.533754
0.53378
0.533773
0.533778
0.533781
0.533812
0.533824
0.533821
0.533843
0.533811
0.533764
0.533775
0.533757
0.533742
0.533721
0.533729
0.533745
0.533796
