0.804281
0.800604
0.788991
0.761217
0.749241
0.732423
0.705677
0.684312
0.665985
0.644765
0.635964
0.630191
0.621817
0.612654
0.606218
0.599048
0.596052
0.58942
0.581356
0.575575
0.569017
0.563145
0.555682
0.54911
0.54125
0.534156
0.527543
0.521368
0.517214
0.51108
0.506019
0.501112
0.495601
0.489293
0.485852
0.481747
0.476872
0.473328
0.469608
0.466625
0.464728
0.461261
0.458093
0.454893
0.451076
0.447474
0.444786
0.441405
0.438736
0.435715
0.432847
0.43064
0.428671
0.426534
0.424046
0.42163
0.418832
0.416117
0.413127
0.412471
0.41066
0.409816
0.407958
0.406319
0.405059
0.403577
0.401908
0.401638
0.400529
0.399463
0.398672
0.397827
0.396288
0.395067
0.393888
0.392939
0.391462
0.390119
0.388482
0.38733
0.386518
0.385838
0.385281
0.384336
0.383206
0.382865
0.382067
0.380284
0.37929
0.378587
0.377613
0.376718
0.375477
0.375396
0.374661
0.374373
0.373198
0.372638
0.372522
0.371261
0.370626
0.369862
0.368992
0.3685
0.367538
0.366659
0.366264
0.365199
0.365275
0.364564
0.364385
0.363433
0.362756
0.361875
0.361335
0.360451
0.360828
0.360335
0.360308
0.359484
0.359045
0.358849
0.358357
0.358591
0.358038
0.358178
0.358101
0.357537
0.357364
0.356554
0.356093
0.355584
0.355191
0.355028
0.354367
0.354025
0.353805
0.353576
0.353417
0.352742
0.352412
0.351972
0.351663
0.351069
0.350556
0.350223
0.349847
0.349465
0.349217
0.349138
0.349004
0.348733
0.348438
0.348031
0.347938
0.347407
0.347122
0.34669
0.346392
0.346008
0.345829
0.345634
0.345431
0.345302
0.345097
0.344937
0.344576
0.344319
0.344539
0.344334
0.344483
0.344572
0.344533
0.344253
0.344295
0.344142
0.343904
0.343548
0.343415
0.343287
0.343224
0.343363
0.34327
0.34285
0.342511
0.342525
0.342183
0.342022
0.34206
0.341823
0.342011
0.342076
0.341722
0.341529
0.341662
0.341481
0.341401
0.341385
0.341346
0.341353
0.341236
0.341135
0.340722
0.340628
0.340411
0.340601
0.340584
0.34033
0.340171
0.340474
0.340155
0.3401
0.340264
0.339915
0.339838
0.339625
0.339755
0.339811
0.33978
0.339734
0.33956
0.339097
0.338909
0.338878
0.338594
0.338645
0.338757
0.338778
0.338666
0.338566
0.338482
0.338503
0.338396
0.338403
0.338254
0.338073
0.33803
0.338017
0.338177
0.338442
0.33855
0.338186
0.338152
0.338408
0.33833
0.338353
0.338228
0.338325
0.3382
0.337968
0.338194
0.338263
0.338285
0.338093
0.338154
0.338257
0.338301
0.33839
0.338198
0.338292
0.338544
0.338673
0.338522
0.338535
0.338493
0.33839
0.338205
0.338104
0.338124
0.338173
0.338179
0.337953
0.337946
0.337907
0.33801
0.338185
0.338088
0.33816
0.338017
0.337972
0.338016
0.338159
0.338179
0.338242
0.338133
0.338192
0.338181
0.338057
0.338055
0.338047
0.337981
0.33786
0.338153
0.338208
0.338373
0.338527
0.338661
0.338533
0.338544
0.338677
0.338626
0.338682
0.338692
0.338735
0.33886
0.338923
0.338719
0.338674
0.338785
0.338858
0.339052
0.339014
0.33907
0.33902
0.339111
0.339156
0.339218
0.339515
0.339715
0.339772
0.339853
0.339853
0.339631
0.339713
0.339604
0.339555
0.339556
0.339651
0.339948
0.339946
0.34
0.339966
0.340064
0.340173
0.34031
0.340399
0.340407
0.340381
0.340402
0.340469
0.340439
0.340492
0.34031
0.340445
0.340444
0.340334
0.340562
0.340573
0.340642
0.340688
0.340611
0.340689
0.340955
0.341026
0.341057
0.34104
0.341041
0.341283
0.341118
0.34103
0.341325
0.341564
0.341552
0.341634
0.34161
0.341499
0.341625
0.34179
0.341828
0.341736
0.341672
0.341524
0.341448
0.34138
0.341317
0.341427
0.341544
0.341632
0.341651
0.341644
0.341765
0.34177
0.341803
0.341661
0.341538
0.341592
0.341571
0.341434
0.341371
0.341503
0.341523
0.341514
0.341416
0.341343
0.34133
0.341214
0.341277
0.341308
0.341279
0.341276
0.341254
0.341388
0.341229
0.341215
0.341191
0.341209
0.341405
0.341284
0.341136
0.341041
0.340987
0.341117
0.340959
0.341005
0.341071
0.341127
0.341147
0.341196
0.341256
0.341254
0.341392
0.341338
0.341352
0.341335
0.341375
0.341139
0.34104
0.341119
0.341112
0.340977
0.340901
0.341047
0.341102
0.341097
0.341122
0.341186
0.34133
0.341503
0.341579
0.341587
0.341731
0.341815
0.341706
0.34176
0.341858
0.341845
0.341824
0.341912
0.342082
0.342079
0.342132
0.34216
0.342308
0.34223
0.342163
0.342171
0.342174
0.342273
0.342349
0.342272
0.342389
0.342464
0.342511
0.342474
0.342373
0.342379
0.342369
0.34235
0.342353
0.342489
0.342494
0.342595
0.34269
0.342577
0.342606
0.3428
0.342888
0.342786
0.342756
0.342735
0.342844
0.342864
0.342847
0.342863
0.342867
0.342844
0.342864
0.34288
0.342805
0.342942
0.342916
0.342976
0.342989
0.343068
0.343096
0.343085
0.343242
0.343206
0.343311
0.343308
0.343181
0.343188
0.343166
0.343187
0.34331
0.343224
0.343181
0.343263
0.343288
0.34355
0.343514
0.343612
0.343687
0.34371
0.343641
0.34374
0.34385
0.343875
0.343951
0.344122
0.344054
0.344073
0.344159
0.344233
0.344209
0.344174
0.344342
0.344281
0.344257
0.344131
0.344236
0.344196
0.344186
0.344291
0.344263
0.344232
0.344187
0.344096
0.344076
0.344031
0.344028
0.34418
0.344061
0.344105
0.344073
0.344038
0.343943
0.344147
0.344256
0.344222
0.344323
0.344423
0.344526
0.34448
0.344483
0.344553
0.344644
0.344605
0.344589
0.344572
0.344475
0.344566
0.344464
0.344521
0.344526
0.344609
0.344594
0.344588
0.344633
0.344559
0.344583
0.344652
0.344767
0.344865
0.3449
0.345024
0.34504
0.345136
0.345185
0.345228
0.34522
0.345289
0.345328
0.345338
0.34541
0.345422
0.34542
0.345473
0.345492
0.345509
0.345595
0.345674
0.345724
0.345754
0.345786
0.345784
0.345808
0.345828
0.345779
0.345816
0.34586
0.345912
0.34596
0.345902
0.345945
0.346017
0.346183
0.346204
0.346087
0.346105
0.346161
0.346207
0.346218
0.346168
0.346243
0.346273
0.346246
0.346426
0.346457
0.346421
0.346552
0.346524
0.346549
0.346628
0.3467
0.346756
0.346882
0.346922
0.346889
0.346959
0.34705
0.347122
0.347118
0.347138
0.347294
0.347387
0.347424
0.347624
0.347611
0.347535
0.347651
0.347707
0.347714
0.347845
0.347787
0.347905
0.347951
0.347915
0.347921
0.347857
0.347884
0.347855
0.347823
0.347827
0.347862
0.347882
0.34792
0.347996
0.348017
0.348021
0.348028
0.347937
0.348002
0.348081
0.34824
0.34829
0.348269
0.348313
0.348282
0.348248
0.348213
0.348279
0.348309
0.348366
0.348463
0.348495
0.348573
0.348613
0.34865
0.348681
0.348752
0.348775
0.348847
0.348868
0.348925
0.348961
0.349043
0.349154
0.349243
0.349312
0.349496
0.349513
0.349579
0.349596
0.349567
0.349606
0.349736
0.349809
0.349726
0.349664
0.34979
0.349865
0.349813
0.34974
0.349821
0.349833
0.349904
0.350006
0.350022
0.350034
0.349997
0.350047
0.350144
0.35019
0.350227
0.350332
0.350422
0.350454
0.350493
0.350459
0.35057
0.350635
0.35063
0.350598
0.350643
0.350733
0.350745
0.350744
0.350769
0.350791
0.350918
0.350969
0.351016
0.351018
0.351099
0.351161
0.351157
0.351261
0.351251
0.351285
0.351385
0.351301
0.351292
0.351253
0.351211
0.351265
0.35125
0.351348
0.351386
0.351425
0.351437
0.351449
0.351495
0.35159
0.351654
0.351671
0.351751
0.351704
0.351673
0.351748
0.351856
0.351888
0.351833
0.351801
0.351901
0.352035
0.352101
0.352073
0.352143
0.352224
0.352177
0.352211
0.352272
0.352315
0.352344
0.352345
0.352411
0.352449
0.352512
0.352592
0.352629
0.352646
0.352674
0.352698
0.352666
0.352646
0.35277
0.352758
0.352845
0.352944
0.35295
0.35302
0.352998
0.353088
0.353077
0.353092
0.353067
0.353068
0.353096
0.353101
0.353145
0.353178
0.353264
0.353422
0.35346
0.353496
0.353478
0.353535
0.353656
0.353633
0.353668
0.353707
0.3537
0.35373
0.353738
0.353791
0.353845
0.353886
0.353896
0.353866
0.353864
0.353884
0.353867
0.353989
0.354016
0.353964
0.354053
0.35412
0.354107
0.354128
0.354125
0.354147
0.354183
0.354159
0.354177
0.354229
0.354246
0.354268
0.354234
0.354401
0.354415
0.354439
0.354475
0.354538
0.354623
0.354637
0.354629
0.354658
0.354687
0.354735
0.354714
0.354695
0.354718
0.354757
0.354729
0.354725
0.354687
0.354668
0.354693
0.35467
0.354726
0.35476
0.354805
0.354821
0.35484
0.354874
0.354858
0.35483
0.354809
0.354832
0.354843
0.354884
0.354878
0.354887
0.354947
0.354913
0.354944
0.354884
0.354895
0.354997
0.355005
0.355019
0.355088
0.355132
0.355144
0.355101
0.355175
0.355272
0.355256
0.355242
0.355262
0.355344
0.355449
0.355443
0.355394
0.355422
0.355454
0.355525
0.355521
0.355532
0.355621
0.355611
0.355698
0.355757
0.355849
0.355953
0.355984
0.356045
0.356043
0.356103
0.356089
0.3561
0.356159
0.356159
0.3562
0.356275
0.35627
0.356297
0.356371
0.356332
0.356422
0.356361
0.35637
0.356395
0.356411
0.35643
0.356488
0.356506
0.356423
0.356474
0.356512
0.356541
0.356538
0.356593
0.356638
0.356684
0.35667
0.356735
0.35683
0.356931
0.356919
0.356935
0.357
0.357019
0.357069
0.357132
0.357189
0.357168
0.35721
0.357296
0.357369
0.357454
0.357452
0.357485
0.35747
0.357504
0.357547
0.357576
0.357587
0.357626
0.357708
0.357761
0.357738
0.357711
0.357724
0.357792
0.357834
0.357906
0.35794
0.357949
0.357953
0.35798
0.358019
0.358072
0.358049
0.358085
0.358115
0.358141
0.358223
0.358266
0.358298
0.35831
0.358399
0.358435
0.35846
0.358438
0.358483
0.358495
0.358532
0.35856
0.358619
0.358675
0.358783
0.358874
0.358883
0.35883
0.358841
0.358892
0.359017
