0.872214
0.840807
0.836553
0.823836
0.810617
0.799901
0.784076
0.770325
0.760633
0.747442
0.743946
0.737756
0.73153
0.724716
0.71843
0.712095
0.705507
0.697654
0.689518
0.683097
0.676569
0.670069
0.663268
0.65348
0.645821
0.639677
0.63198
0.626532
0.620665
0.615827
0.609714
0.603807
0.599096
0.593968
0.589264
0.584529
0.578764
0.574432
0.569647
0.565401
0.561394
0.557639
0.553347
0.549485
0.545943
0.543177
0.539818
0.536546
0.533161
0.530884
0.528252
0.525493
0.523054
0.520412
0.51766
0.514992
0.512172
0.509417
0.506993
0.505113
0.503282
0.501627
0.499038
0.497575
0.49538
0.493095
0.491434
0.489837
0.488849
0.486848
0.484949
0.483287
0.482585
0.481302
0.479539
0.477725
0.475445
0.473822
0.472103
0.470643
0.469578
0.468204
0.46746
0.466341
0.46564
0.465109
0.463924
0.462611
0.4615
0.460583
0.46
0.458824
0.457614
0.456786
0.455964
0.455227
0.454208
0.453345
0.452338
0.451294
0.450572
0.449522
0.448418
0.447631
0.446723
0.44622
0.445929
0.445172
0.444663
0.444048
0.443787
0.443089
0.442566
0.441997
0.441308
0.440521
0.439625
0.439111
0.438508
0.43825
0.438063
0.437589
0.43725
0.436969
0.436329
0.435476
0.434957
0.4344
0.434034
0.433777
0.433434
0.433129
0.432895
0.432759
0.432186
0.43188
0.431312
0.430784
0.430132
0.429665
0.429515
0.429096
0.428706
0.428199
0.427999
0.427385
0.427061
0.427047
0.426661
0.426543
0.426302
0.426021
0.425789
0.425399
0.425101
0.424883
0.424278
0.424038
0.423678
0.42337
0.42301
0.422828
0.422631
0.42257
0.422279
0.421921
0.421485
0.421405
0.421159
0.420937
0.420596
0.420176
0.419784
0.419627
0.41943
0.419109
0.418794
0.41847
0.418179
0.417874
0.417461
0.417576
0.417585
0.417396
0.417139
0.41689
0.416625
0.4165
0.41622
0.416077
0.415944
0.415915
0.415782
0.415382
0.41504
0.414967
0.414841
0.414783
0.414662
0.41461
0.414553
0.414391
0.414372
0.414563
0.414299
0.414078
0.41398
0.41375
0.413577
0.413522
0.413477
0.413359
0.413266
0.413185
0.413065
0.412945
0.412838
0.412825
0.412646
0.412237
0.41222
0.412097
0.411933
0.411721
0.411619
0.41145
0.411268
0.411381
0.411139
0.411297
0.411371
0.411299
0.411288
0.41119
0.411232
0.41101
0.410927
0.411054
0.411049
0.411037
0.411056
0.410947
0.411041
0.411075
0.411022
0.411018
0.410875
0.410862
0.410878
0.411028
0.410967
0.411049
0.411043
0.410964
0.410869
0.410892
0.410903
0.410806
0.41074
0.410709
0.410715
0.410674
0.410633
0.410715
0.410582
0.410753
0.410776
0.410781
0.410826
0.410679
0.410612
0.410559
0.410474
0.410237
0.410108
0.410217
0.410158
0.410056
0.409922
0.409803
0.409705
0.409718
0.409811
0.409834
0.409738
0.409693
0.409716
0.409885
0.409776
0.409902
0.410018
0.410183
0.410179
0.410185
0.410323
0.410343
0.410369
0.410382
0.410422
0.410515
0.41065
0.410634
0.410667
0.410809
0.410744
0.410831
0.410743
0.410717
0.410782
0.410732
0.410889
0.410881
0.410975
0.410944
0.410853
0.411067
0.4112
0.411263
0.411208
0.411166
0.411039
0.410927
0.410884
0.41095
0.410871
0.410768
0.410691
0.410757
0.410796
0.410828
0.410968
0.411066
0.411014
0.411032
0.411189
0.411273
0.411257
0.411358
0.411439
0.411433
0.4116
0.411599
0.41162
0.411589
0.411683
0.411759
0.411723
0.411748
0.411681
0.411722
0.411842
0.411801
0.411757
0.411719
0.41182
0.411849
0.411929
0.411906
0.411863
0.411896
0.411836
0.411952
0.412011
0.412049
0.412026
0.411939
0.411917
0.411951
0.412026
0.411961
0.412061
0.412093
0.412127
0.412119
0.412099
0.412202
0.412176
0.412084
0.412179
0.412076
0.412057
0.412137
0.412068
0.412048
0.412109
0.411968
0.411974
0.411937
0.411942
0.411982
0.411954
0.412037
0.412077
0.412202
0.412288
0.412504
0.412574
0.412698
0.412721
0.412807
0.412906
0.412908
0.412858
0.412992
0.412948
0.412879
0.41275
0.412857
0.412977
0.413025
0.412999
0.413038
0.412961
0.413088
0.413072
0.413272
0.413375
0.413493
0.413475
0.413461
0.413475
0.413534
0.413509
0.413496
0.41355
0.413599
0.413642
0.413624
0.413661
0.413617
0.413577
0.413641
0.413737
0.413824
0.413848
0.413818
0.413957
0.414006
0.413997
0.414103
0.414158
0.414076
0.414126
0.414237
0.414235
0.414435
0.41444
0.414516
0.414493
0.414371
0.414453
0.414454
0.414501
0.414558
0.414684
0.414754
0.414844
0.414828
0.414846
0.414873
0.414994
0.414934
0.414972
0.414999
0.414977
0.414925
0.414991
0.415048
0.415153
0.415253
0.415256
0.415277
0.415426
0.415416
0.415383
0.415406
0.415486
0.415622
0.415738
0.415773
0.415771
0.415963
0.416095
0.416227
0.416298
0.416318
0.416372
0.416464
0.416568
0.416668
0.416724
0.416777
0.416882
0.416955
0.416905
0.416882
0.416902
0.416892
0.41687
0.41701
0.417073
0.417058
0.4172
0.417183
0.417266
0.417354
0.417298
0.417356
0.417403
0.417436
0.417433
0.417483
0.417444
0.417499
0.417536
0.417513
0.417513
0.41752
0.417567
0.417698
0.417776
0.41783
0.417823
0.417799
0.417817
0.417867
0.417864
0.417797
0.417762
0.417783
0.417781
0.417827
0.417785
0.417906
0.417934
0.417975
0.417976
0.418055
0.418094
0.418171
0.418145
0.418155
0.418208
0.418203
0.418341
0.418337
0.418342
0.418282
0.418321
0.418295
0.41833
0.418389
0.418445
0.41853
0.418593
0.418606
0.418577
0.418593
0.418625
0.41875
0.418769
0.418841
0.418834
0.418912
0.418982
0.419118
0.419101
0.419124
0.419126
0.41923
0.419208
0.419278
0.419202
0.419256
0.419368
0.419315
0.419385
0.419397
0.419418
0.419469
0.419525
0.41965
0.419676
0.41965
0.419757
0.419797
0.419871
0.419973
0.420007
0.420029
0.420157
0.420217
0.420219
0.420271
0.42023
0.420232
0.420225
0.420196
0.420209
0.420312
0.420392
0.420469
0.420446
0.420558
0.420591
0.420621
0.420643
0.420714
0.420752
0.420743
0.420813
0.420871
0.420952
0.42103
0.421044
0.421091
0.421127
0.421174
0.421227
0.421204
0.421249
0.421277
0.421374
0.421492
0.421589
0.421676
0.421731
0.421772
0.421783
0.42183
0.421888
0.421907
0.421949
0.421948
0.421988
0.422061
0.422102
0.422193
0.422283
0.422349
0.422347
0.422396
0.422548
0.422563
0.422561
0.422606
0.422606
0.422621
0.422747
0.422793
0.422797
0.422802
0.422758
0.42274
0.422719
0.422797
0.422819
0.422858
0.422886
0.422976
0.422962
0.422978
0.423067
0.423039
0.423041
0.42299
0.422943
0.422892
0.422922
0.422969
0.422988
0.423058
0.423146
0.423128
0.42323
0.423256
0.4233
0.423347
0.423426
0.423583
0.423598
0.423604
0.42366
0.423691
0.423702
0.4238
0.423893
0.423957
0.423875
0.423919
0.423923
0.423981
0.424057
0.424145
0.424186
0.424228
0.424207
0.424252
0.424276
0.424332
0.424363
0.424461
0.424546
0.424594
0.42465
0.424629
0.424701
0.424816
0.424855
0.42485
0.424862
0.424882
0.424866
0.424797
0.424799
0.424817
0.424829
0.424841
0.424879
0.424931
0.42497
0.425057
0.42509
0.425036
0.425064
0.425096
0.425172
0.425256
0.425327
0.425399
0.425428
0.425478
0.425526
0.425545
0.425512
0.425524
0.425608
0.425641
0.425636
0.425672
0.425628
0.425667
0.425648
0.425619
0.425593
0.425593
0.425622
0.425621
0.425659
0.425722
0.425714
0.425774
0.425803
0.425859
0.425988
0.425977
0.426072
0.426051
0.426108
0.426194
0.426239
0.426256
0.426318
0.42638
0.42637
0.426427
0.426431
0.426445
0.426434
0.42644
0.426533
0.426578
0.426563
0.426571
0.426636
0.426634
0.426663
0.426654
0.426724
0.426738
0.426735
0.426787
0.42688
0.42693
0.427007
0.427025
0.427073
0.427133
0.427087
0.427074
0.427094
0.427147
0.4272
0.427231
0.427173
0.427206
0.427258
0.427384
0.427443
0.427504
0.4276
0.427719
0.427721
0.427721
0.427696
0.427748
0.42772
0.427784
0.427853
0.427887
0.427911
0.427966
0.427982
0.428038
0.428054
0.428083
0.428113
0.428175
0.428179
0.428205
0.428279
0.428265
0.428363
0.428374
0.428402
0.428368
0.428366
0.428376
0.428414
0.428425
0.428512
0.428545
0.428583
0.428654
0.428685
0.428702
0.428825
0.428878
0.428931
0.428966
0.428939
0.428993
0.429085
0.42911
0.42906
0.429077
0.429119
0.429197
0.429212
0.429201
0.429263
0.429329
0.429344
0.429401
0.429406
0.429403
0.429485
0.429532
0.429565
0.429622
0.429654
0.429731
0.429755
0.429801
0.429851
0.429893
0.429964
0.429975
0.430067
0.43011
0.430203
0.43026
0.430277
0.43034
0.430342
0.430376
0.430394
0.430388
0.430399
0.430417
0.430424
0.430499
0.43049
0.430486
0.430545
0.430655
0.430666
0.43071
0.430754
0.430784
0.430808
0.430845
0.43087
0.430825
0.430881
0.430936
0.43096
0.431023
0.431066
0.431105
0.431186
0.431177
0.431203
0.431271
0.43134
0.431386
0.431394
0.43141
0.431417
0.431443
0.431484
0.431526
0.431579
0.431628
0.431642
0.431698
0.431711
0.431778
0.431853
0.431912
0.431925
0.432018
0.432144
0.43221
0.432246
0.432244
0.432306
0.432308
0.432303
0.432317
0.432326
0.432321
0.432362
0.432445
0.432454
0.432503
0.43252
0.432563
0.432663
0.432659
0.432674
0.432711
0.432742
0.432852
0.43291
0.43295
0.432943
0.433019
0.433007
0.43305
0.433072
0.433116
0.433138
0.433185
0.433172
0.433168
0.433165
0.433241
0.433305
0.433364
0.433378
0.433403
0.433462
0.433526
0.433565
0.433637
0.433695
0.433716
0.433756
0.433796
0.433837
0.433838
0.433854
0.433864
0.433887
0.43392
0.433939
0.433964
0.434002
0.434044
0.434039
0.434117
0.434193
0.434248
0.434284
0.434332
0.434354
0.434389
0.434441
0.434457
0.434512
0.434528
0.434577
0.434594
0.434607
0.434639
0.43465
0.434708
0.434732
