0.554717
0.543662
0.542062
0.546616
0.542803
0.547448
0.551092
0.549043
0.552167
0.55371
0.549373
0.543986
0.540162
0.53546
0.535027
0.53309
0.529849
0.531946
0.529588
0.528102
0.528578
0.529366
0.528481
0.528117
0.528393
0.529172
0.52846
0.528292
0.528073
0.529334
0.530903
0.531984
0.531016
0.531182
0.531344
0.53334
0.533476
0.534157
0.534606
0.535149
0.535923
0.536129
0.536712
0.536867
0.537203
0.537582
0.537413
0.538217
0.537816
0.538209
0.537936
0.537775
0.538204
0.538505
0.538541
0.538381
0.538413
0.538779
0.538828
0.539088
0.539114
0.539412
0.539858
0.539935
0.539313
0.539704
0.54005
0.539935
0.539836
0.540437
0.540623
0.540862
0.5404
0.539823
0.540027
0.539933
0.540154
0.540282
0.54017
0.540155
0.540109
0.540609
0.540439
0.540125
0.539939
0.539925
0.539933
0.540122
0.539788
0.539938
0.539631
0.539513
0.539102
0.539283
0.539489
0.539432
0.538901
0.538456
0.53877
0.538861
0.539149
0.538821
0.539041
0.538794
0.539063
0.539329
0.539376
0.539659
0.539073
0.53922
0.539395
0.539739
0.539848
0.540196
0.54015
0.540377
0.540457
0.539948
0.540007
0.540145
0.540071
0.540171
0.540364
0.540565
0.53994
0.540054
0.540115
0.540134
0.54018
0.540534
0.540491
0.540522
0.540806
0.540897
0.541105
0.541182
0.541053
0.541399
0.541288
0.541116
0.541057
0.540874
0.540784
0.540835
0.540906
0.541073
0.541041
0.541257
0.541443
0.541065
0.540869
0.540679
0.540594
0.54074
0.540698
0.540587
0.540367
0.540316
0.5404
0.540327
0.540242
0.54042
0.540543
0.540651
0.540637
0.540877
0.541049
0.54088
0.541034
0.540831
0.540908
0.540926
0.540892
0.540899
0.541156
0.540967
0.540967
0.540956
0.540711
0.540618
0.540626
0.540597
0.540579
0.540717
0.540722
0.540633
0.540857
0.540935
0.540845
0.540783
0.540782
0.540638
0.540516
0.540432
0.540513
0.540473
0.540604
0.540471
0.540493
0.540347
0.540352
0.5402
0.54024
0.540202
0.540086
0.540161
0.540432
0.540327
0.540346
0.54017
0.540175
0.540135
0.539988
0.539976
0.539782
0.539772
0.539679
0.539584
0.539492
0.539457
0.539538
0.53958
0.53977
0.539669
0.539528
0.539489
0.539448
0.539394
0.539459
0.539446
0.539473
0.539511
0.539594
0.539467
0.539548
0.539554
0.539579
0.539606
0.539506
0.53942
0.53944
0.539486
0.53956
0.539474
0.539527
0.539498
0.539472
0.539515
0.539521
0.539455
0.539404
0.539429
0.53937
0.539477
0.539424
0.539431
0.53941
0.539261
0.539096
0.539064
0.539168
0.539156
0.539098
0.539191
0.539243
0.539417
0.539304
0.539375
0.539488
0.539677
0.539646
0.539614
0.539753
0.539712
0.539609
0.539547
0.539556
0.539765
0.539846
0.539915
0.539988
0.539946
0.539999
0.540054
0.540065
0.540128
0.54024
0.540256
0.54039
0.540357
0.540294
0.540312
0.540421
0.54041
0.540385
0.540325
0.540389
0.54034
0.540306
0.540267
0.540137
0.540044
0.540083
0.540052
0.54018
0.540082
0.539887
0.539881
0.539784
0.539839
0.539662
0.539673
0.539544
0.53951
0.539511
0.539528
0.539478
0.539588
0.539707
0.539728
0.539708
0.539729
0.539682
0.539653
0.539574
0.539656
0.539649
0.539707
0.539716
0.5396
0.539602
0.539621
0.539531
0.539519
0.539497
0.539431
0.539403
0.53936
0.539318
0.539288
0.539319
0.539303
0.539333
0.539396
0.539466
0.539517
0.539592
0.539607
0.539625
0.539594
0.539635
0.539599
0.539536
0.539479
0.539513
0.539595
0.539476
0.539473
0.53942
0.539386
0.539428
0.539416
0.539438
0.539302
0.539333
0.539446
0.539435
0.539394
0.539297
0.539313
0.539271
0.539273
0.539238
0.539222
0.539288
0.539242
0.539181
0.539155
0.539155
0.539151
0.539295
0.539263
0.539187
0.53921
0.539287
0.539347
0.53929
0.539271
0.539228
0.539119
0.539082
0.53906
0.539088
0.539161
0.539145
0.539135
0.539056
0.539137
0.539124
0.53904
0.538898
0.53895
0.538967
0.538968
0.539021
0.538983
0.539041
0.539112
0.539008
0.53898
0.538965
0.5388
0.538816
0.538786
0.538862
0.538937
0.538917
0.538973
0.539001
0.538955
0.538902
0.538949
0.538962
0.53896
0.539019
0.539058
0.539077
0.539055
0.53908
0.539026
0.539
0.538975
0.53901
0.538948
0.538993
0.538921
0.53895
0.538881
0.5388
0.538793
0.538801
0.538723
0.538728
0.538709
0.538578
0.538542
0.538523
0.538424
0.538327
0.538258
0.538215
0.538157
0.538283
0.53825
0.53818
0.538155
0.53824
0.538252
0.538338
0.538392
0.538354
0.538359
0.538324
0.538284
0.538339
0.538344
0.538308
0.538303
0.538266
0.538313
0.538384
0.538419
0.538395
0.538441
0.538509
0.538443
0.538457
0.538465
0.538474
0.538441
0.538264
0.53825
0.538206
0.538264
0.538164
0.538097
0.538073
0.538078
0.538073
0.538065
0.538056
0.538104
0.53813
0.538111
0.53813
0.538111
0.538029
0.538088
0.538082
0.538062
0.537993
0.537924
0.537955
0.537839
0.537914
0.537912
0.537868
0.537786
0.537768
0.537752
0.537676
0.5377
0.537716
0.537666
0.537605
0.53756
0.537473
0.537479
0.53752
0.537536
0.537587
0.53768
0.53763
0.537694
0.537712
0.537665
0.5377
0.537659
0.537605
0.537633
0.537628
0.537577
0.537665
0.537668
0.537659
0.537573
0.537459
0.537417
0.537375
0.537385
0.537361
0.537362
0.537424
0.537448
0.537414
0.537428
0.537426
0.537397
0.5374
0.537381
0.537342
0.537316
0.537299
0.537262
0.537211
0.537193
0.537117
0.537097
0.53704
0.537052
0.537046
0.537083
0.537054
0.537071
0.537054
0.537045
0.537065
0.537066
0.537086
0.537068
0.537063
0.537077
0.537054
0.537031
0.537053
0.537113
0.537178
0.537181
0.537119
0.537092
0.537084
0.53706
0.537049
0.537033
0.537046
0.53703
0.537078
0.537032
0.537042
0.537065
0.537046
0.537062
0.537061
0.536995
0.536999
0.537007
0.537026
0.537078
0.537074
0.537044
0.536984
0.537013
0.536996
0.536953
0.536953
0.537003
0.536975
0.536927
0.536902
0.53683
0.536849
0.536891
0.536894
0.536882
0.536948
0.536943
0.536944
0.536985
0.536994
0.536987
0.536947
0.536886
0.536899
0.536848
0.536813
0.5368
0.536821
0.536834
0.536845
0.53685
0.536816
0.536819
0.536712
0.536716
0.536672
0.536621
0.536603
0.536594
0.536553
0.536505
0.536469
0.536519
0.536527
0.536562
0.536534
0.53651
0.536516
0.536577
0.536629
0.536664
0.536671
0.536665
0.536691
0.536698
0.536684
0.53673
0.536691
0.536637
0.536643
0.536584
0.536532
0.536472
0.536484
0.536484
0.536483
0.53656
0.536649
0.536658
0.53665
0.536677
0.536684
0.536662
0.536647
0.536632
0.536639
0.536637
0.536641
0.536639
0.536656
0.536592
0.536556
0.536562
0.536552
0.536641
0.536588
0.536598
0.53659
0.536548
0.536515
0.536499
0.536529
0.536531
0.536567
0.536567
0.536638
0.536648
0.536676
0.536724
0.536738
0.536757
0.536735
0.536728
0.53673
0.536738
0.536703
0.536732
0.53675
0.536763
0.536784
0.536806
0.53683
0.536811
0.536733
0.536755
0.536766
0.536791
0.536797
0.536823
0.536872
0.536832
0.536875
0.536895
0.536878
0.536864
0.53692
0.536936
0.536916
0.536954
0.536971
0.53698
0.536878
0.536788
0.536786
0.536771
0.536741
0.536687
0.536656
0.536667
0.536673
0.536691
0.536673
0.536668
0.536625
0.536645
0.536575
0.536523
0.536502
0.53655
0.536558
0.536564
0.536551
0.536568
0.536554
0.536536
0.536571
0.536569
0.536603
0.536557
0.53657
0.536588
0.536639
0.536629
0.536642
0.536649
0.5367
0.53672
0.536735
0.536729
0.53673
0.536674
0.536695
0.536738
0.536718
0.536744
0.53675
0.536695
0.536679
0.536681
0.536656
0.536602
0.536578
0.536543
0.536585
0.536604
0.53661
0.536618
0.536555
0.536546
0.536558
0.536575
0.536586
0.536572
0.536543
0.536543
0.536541
0.536521
0.536451
0.536464
0.536443
0.536426
0.536395
0.536378
0.536359
0.536364
0.536378
0.536341
0.536303
0.5363
0.536279
0.536303
0.536273
0.536269
0.53623
0.536206
0.536152
0.536127
0.536126
0.536137
0.536079
0.536029
0.536018
0.536021
0.536033
0.536065
0.536064
0.536104
0.536127
0.536171
0.536232
0.536233
0.536227
0.536236
0.536215
0.536204
0.536189
0.536131
0.536181
0.536201
0.536189
0.536173
0.536188
0.53617
0.536174
0.53617
0.536203
0.536209
0.536181
0.536139
0.536142
0.536114
0.536084
0.536091
0.536118
0.536077
0.536161
0.536131
0.536151
0.536146
0.536124
0.536133
0.536108
0.536109
0.536102
0.536105
0.536072
0.536091
0.536108
0.536103
0.536057
0.536027
0.536018
0.536051
0.536034
0.53604
0.536024
0.536057
0.536007
0.535999
0.535979
0.535984
0.535968
0.535956
0.535929
0.535925
0.535879
0.535861
0.535834
0.53585
0.535872
0.535881
0.535914
0.535909
0.535943
0.535941
0.535949
0.535937
0.535988
0.535996
0.535958
0.53594
0.536008
0.535997
0.53594
0.535956
0.535945
0.535922
0.535918
0.535896
0.535848
0.535834
0.535844
0.535834
0.535816
0.535764
0.535772
0.535754
0.53571
0.535697
0.535663
0.535659
0.535673
0.535661
0.535637
0.535645
0.535618
0.535594
0.535591
0.535586
0.535516
0.535488
0.535442
0.535389
0.535372
0.535372
0.535402
0.535418
0.535415
0.535409
0.535403
0.535413
0.535453
0.535455
0.535425
0.535413
0.535408
0.5354
0.535331
0.535295
0.535302
0.535312
0.535342
0.535346
0.535342
0.535384
0.535384
0.53539
0.535389
0.535366
0.535393
0.535356
0.535364
0.535349
0.535427
0.535394
0.535409
0.535413
0.535378
0.535347
0.535378
0.535386
0.535402
0.535428
0.53548
0.535497
0.535537
0.535555
0.535575
0.535626
0.535612
0.535611
0.535614
0.535611
0.535626
0.535615
0.535621
0.535593
0.535593
0.535586
0.53556
