0.906203
0.868877
0.840818
0.837687
0.827308
0.817666
0.80068
0.787218
0.771248
0.757454
0.751138
0.746391
0.73808
0.730942
0.725281
0.719884
0.709326
0.701764
0.694769
0.688397
0.681716
0.673369
0.667311
0.661655
0.655091
0.648173
0.642822
0.635889
0.630097
0.624866
0.619725
0.614776
0.611036
0.607125
0.602806
0.598729
0.594088
0.589749
0.586775
0.583364
0.579546
0.575709
0.573277
0.56986
0.566777
0.563235
0.559304
0.555875
0.553022
0.550888
0.548512
0.545273
0.543265
0.540941
0.539263
0.537394
0.535891
0.533662
0.531645
0.529521
0.528756
0.526649
0.523488
0.521517
0.519752
0.517887
0.516324
0.514785
0.512587
0.511106
0.509264
0.507567
0.505588
0.504173
0.503045
0.502379
0.501515
0.499912
0.499215
0.497501
0.496508
0.496109
0.494864
0.493535
0.492151
0.491186
0.490268
0.489329
0.487769
0.486311
0.485443
0.484363
0.48395
0.48325
0.482127
0.481268
0.480935
0.480364
0.479508
0.47886
0.477971
0.477287
0.476937
0.47574
0.475169
0.474237
0.47321
0.472608
0.472154
0.471686
0.470897
0.470402
0.469872
0.46922
0.468482
0.467864
0.467453
0.466806
0.466362
0.465842
0.46555
0.464747
0.464003
0.463547
0.462984
0.462856
0.462263
0.461864
0.461457
0.460986
0.460437
0.460039
0.45947
0.45929
0.458857
0.458593
0.458415
0.457963
0.457922
0.457546
0.456899
0.456456
0.456314
0.455964
0.45556
0.455373
0.455235
0.454987
0.454594
0.454366
0.454066
0.453919
0.453905
0.453387
0.453244
0.45307
0.452631
0.452055
0.451881
0.451671
0.451384
0.451335
0.451147
0.45126
0.450999
0.450836
0.450575
0.450355
0.450335
0.450023
0.449976
0.449813
0.449779
0.449612
0.449135
0.44883
0.448437
0.448175
0.448203
0.448244
0.44827
0.447963
0.447464
0.447289
0.44719
0.447063
0.446787
0.446739
0.446487
0.44632
0.446452
0.446145
0.44611
0.446028
0.44612
0.445873
0.445721
0.445518
0.445259
0.445065
0.444885
0.444804
0.444846
0.444632
0.444334
0.444144
0.44395
0.44394
0.443744
0.443714
0.443905
0.443857
0.443653
0.443488
0.443555
0.443566
0.44339
0.443459
0.443149
0.442978
0.443066
0.442967
0.442799
0.442785
0.442688
0.44273
0.44272
0.44264
0.442543
0.442629
0.442468
0.442397
0.442232
0.442044
0.441947
0.442014
0.441897
0.441946
0.441921
0.441725
0.44165
0.441586
0.441236
0.440971
0.440996
0.44079
0.440475
0.440378
0.440371
0.440383
0.440484
0.440302
0.440316
0.440346
0.440235
0.440366
0.440377
0.440228
0.440242
0.440356
0.440318
0.440438
0.440404
0.440553
0.440592
0.440591
0.440543
0.440393
0.440444
0.440439
0.440475
0.440584
0.440509
0.440669
0.440579
0.440579
0.440445
0.440503
0.440492
0.44046
0.440438
0.440437
0.440364
0.440119
0.440199
0.440203
0.43998
0.439944
0.439889
0.440023
0.440014
0.439901
0.43977
0.439731
0.439642
0.439795
0.439709
0.439591
0.439576
0.439566
0.439393
0.439394
0.439269
0.439251
0.439281
0.439215
0.43929
0.439414
0.43959
0.439685
0.439624
0.439727
0.439582
0.439695
0.439665
0.439528
0.439501
0.43964
0.439728
0.439652
0.439628
0.439588
0.439463
0.439534
0.439567
0.439586
0.439707
0.439586
0.439681
0.439749
0.439772
0.439693
0.439654
0.439764
0.439716
0.439595
0.439745
0.439625
0.439575
0.439541
0.439469
0.439503
0.439316
0.439277
0.439173
0.439105
0.439089
0.43909
0.439039
0.439095
0.439167
0.439277
0.43931
0.439373
0.439251
0.439277
0.439265
0.439316
0.439444
0.439551
0.439618
0.439567
0.439462
0.439428
0.43941
0.439439
0.439407
0.439298
0.439213
0.439312
0.439282
0.439287
0.439214
0.439194
0.439132
0.439146
0.439097
0.439046
0.439091
0.438918
0.438997
0.439012
0.438798
0.438779
0.438711
0.438789
0.438838
0.438768
0.438775
0.438893
0.438935
0.438891
0.438985
0.438979
0.438875
0.439081
0.439113
0.439184
0.439175
0.439172
0.439091
0.439145
0.439166
0.439272
0.439386
0.439412
0.439409
0.439454
0.439523
0.439471
0.439556
0.439492
0.439514
0.439565
0.439553
0.439647
0.439688
0.43966
0.439613
0.439697
0.439778
0.439861
0.439887
0.440006
0.439982
0.439974
0.440064
0.440095
0.440164
0.440139
0.440078
0.440106
0.440093
0.440119
0.440072
0.440241
0.440299
0.440312
0.440372
0.440315
0.440276
0.440293
0.440384
0.440349
0.440308
0.440258
0.440334
0.440404
0.440485
0.440491
0.440596
0.440597
0.440652
0.440698
0.440695
0.440792
0.440856
0.440889
0.440961
0.440902
0.440863
0.440939
0.440974
0.44096
0.441033
0.441126
0.441097
0.441193
0.441196
0.44123
0.441142
0.441196
0.441254
0.441331
0.441319
0.441355
0.441263
0.441416
0.441412
0.441446
0.441513
0.441484
0.441528
0.441603
0.441664
0.441657
0.44161
0.441505
0.441511
0.441536
0.441528
0.441515
0.44151
0.441514
0.441469
0.441509
0.441471
0.44155
0.441586
0.441522
0.441494
0.441549
0.441491
0.441507
0.441548
0.44152
0.441593
0.44164
0.441736
0.441733
0.441727
0.441783
0.441788
0.441704
0.441654
0.441633
0.441811
0.441874
0.441972
0.442056
0.442101
0.442103
0.442163
0.442264
0.442391
0.442433
0.442443
0.442397
0.442388
0.442471
0.442503
0.442585
0.442624
0.442709
0.442776
0.442775
0.442775
0.442835
0.442905
0.442841
0.442959
0.443014
0.443062
0.443151
0.443146
0.443234
0.443227
0.443261
0.44329
0.443265
0.443232
0.443257
0.443426
0.443439
0.443564
0.443537
0.443638
0.443591
0.443679
0.4437
0.443752
0.443818
0.443908
0.443983
0.444045
0.444106
0.444177
0.444139
0.444072
0.444111
0.444179
0.444197
0.444259
0.44428
0.444277
0.444245
0.444203
0.444144
0.444182
0.444155
0.444186
0.444159
0.444321
0.44435
0.444295
0.444395
0.44437
0.444407
0.444458
0.444435
0.44442
0.444442
0.444372
0.444387
0.444362
0.444294
0.444255
0.444298
0.44429
0.444282
0.444301
0.444377
0.444447
0.444564
0.444582
0.444534
0.444553
0.444582
0.444653
0.444765
0.44481
0.444854
0.444877
0.444909
0.4449
0.444914
0.444922
0.444926
0.444925
0.444859
0.444865
0.444988
0.445079
0.445178
0.4453
0.445307
0.445332
0.445375
0.445312
0.445318
0.445313
0.445272
0.445301
0.445383
0.445412
0.445401
0.445503
0.445442
0.445379
0.445403
0.445383
0.445432
0.445468
0.445473
0.445442
0.445435
0.44546
0.44545
0.445424
0.445463
0.445497
0.445575
0.445661
0.445739
0.44578
0.445914
0.446027
0.446048
0.44599
0.446104
0.446159
0.446138
0.446206
0.446227
0.446203
0.446135
0.44619
0.446147
0.446165
0.446257
0.446282
0.446266
0.446313
0.446343
0.446409
0.446403
0.446371
0.446389
0.446396
0.446447
0.446445
0.446441
0.446452
0.446564
0.446572
0.446585
0.446613
0.446662
0.446638
0.446645
0.446684
0.446685
0.446703
0.446716
0.446832
0.446858
0.446914
0.446915
0.44694
0.446894
0.446924
0.446915
0.446909
0.446995
0.447026
0.447012
0.447052
0.447039
0.447084
0.44709
0.447106
0.44713
0.44714
0.447132
0.447232
0.447189
0.447193
0.447111
0.447161
0.447233
0.447261
0.447266
0.447312
0.447307
0.447332
0.447357
0.447376
0.447378
0.447383
0.447344
0.447428
0.447462
0.447517
0.447492
0.447501
0.447531
0.447585
0.447653
0.447632
0.447658
0.447678
0.447709
0.447695
0.447749
0.447797
0.447878
0.447932
0.447964
0.447989
0.448017
0.448085
0.448106
0.448139
0.448151
0.448252
0.448254
0.448284
0.448348
0.448391
0.44843
0.448445
0.448449
0.448498
0.448584
0.44858
0.448562
0.448537
0.44859
0.448599
0.448657
0.448714
0.448755
0.448791
0.448836
0.448841
0.448791
0.448822
0.448843
0.448929
0.448921
0.448976
0.44902
0.449021
0.449102
0.449059
0.449091
0.449143
0.44919
0.449181
0.449239
0.449237
0.44925
0.44932
0.449414
0.449452
0.449493
0.449525
0.449511
0.449561
0.449555
0.449588
0.449601
0.449615
0.449596
0.449697
0.449774
0.449845
0.449822
0.449844
0.449846
0.44987
0.449919
0.44991
0.45
0.449983
0.44998
0.450012
0.450038
0.450124
0.450232
0.450261
0.450278
0.45021
0.450242
0.450274
0.450275
0.45028
0.450328
0.45043
0.450439
0.450526
0.450621
0.450665
0.450797
0.450786
0.450775
0.450795
0.450895
0.451006
0.451083
0.451133
0.451152
0.451146
0.451202
0.4512
0.4513
0.451317
0.451342
0.451411
0.451439
0.451484
0.451484
0.451519
0.451541
0.451574
0.451578
0.45162
0.45162
0.45161
0.451653
0.451704
0.451757
0.45183
0.451877
0.451898
0.45191
0.45188
0.451826
0.451805
0.451877
0.451914
0.451903
0.451945
0.451977
0.452025
0.452049
0.452106
0.45217
0.452255
0.452333
0.452361
0.452437
0.452481
0.452557
0.452567
0.452566
0.452581
0.452604
0.452676
0.452718
0.452749
0.452798
0.452822
0.452831
0.452832
0.452873
0.4529
0.45295
0.453028
0.453018
0.452963
0.45289
0.452873
0.452926
0.452894
0.45296
0.452998
0.452993
0.45301
0.452977
0.452986
0.453003
0.452994
0.453011
0.453036
0.453156
0.453172
0.453209
0.453182
0.453183
0.45316
0.453214
0.453233
0.453225
0.453185
0.453202
0.453246
0.453253
0.453273
0.453298
0.453326
0.453344
0.453352
0.453368
0.453362
0.453396
0.453398
0.45344
0.453494
0.453519
0.453517
0.45353
0.453573
0.453569
0.453608
0.453598
0.453642
0.453693
0.453702
0.453737
0.453755
0.453767
0.453804
0.453855
0.453883
0.453987
0.454051
0.45403
0.454064
0.454106
0.454132
0.454143
0.454187
0.454176
0.45415
0.454226
0.454239
0.454258
0.454239
0.454294
0.454321
0.454397
0.454447
0.454475
0.454455
0.454524
0.454562
0.454559
0.45455
0.454588
0.454572
0.454619
0.454632
0.454623
0.454648
0.454664
0.454656
0.454684
0.454693
0.454684
0.454748
0.454742
0.454789
0.454836
0.454843
0.454906
0.454897
0.454988
0.455019
