0.80826
0.800892
0.792169
0.784848
0.768905
0.750899
0.728858
0.707938
0.68582
0.665553
0.656695
0.648215
0.640267
0.632459
0.625216
0.615695
0.608049
0.603444
0.596334
0.590759
0.583716
0.577318
0.56987
0.562009
0.556423
0.551963
0.547402
0.542242
0.538424
0.534075
0.530122
0.525123
0.521987
0.51702
0.512938
0.508564
0.506198
0.501108
0.496673
0.493961
0.491925
0.487905
0.484597
0.48158
0.478311
0.474491
0.471182
0.470417
0.467459
0.4642
0.462573
0.459749
0.458122
0.456528
0.454519
0.453449
0.451797
0.449562
0.446779
0.444136
0.442794
0.441107
0.439948
0.438568
0.437673
0.435323
0.434651
0.433161
0.431978
0.430508
0.42826
0.427
0.425933
0.423325
0.422372
0.422008
0.420584
0.419189
0.418305
0.41718
0.416107
0.414412
0.413261
0.412178
0.411251
0.410806
0.409872
0.409383
0.408158
0.407209
0.406238
0.405676
0.405013
0.404319
0.403565
0.403137
0.402084
0.40155
0.400139
0.400218
0.399456
0.39882
0.398496
0.397956
0.397293
0.396251
0.395911
0.395314
0.394347
0.394051
0.394024
0.393571
0.392797
0.392304
0.391781
0.390932
0.3906
0.390607
0.390042
0.389468
0.388814
0.388876
0.388344
0.387896
0.387674
0.387575
0.387417
0.386942
0.387001
0.386512
0.386306
0.385477
0.384875
0.384311
0.383954
0.383456
0.38348
0.383706
0.383294
0.382707
0.382561
0.381668
0.381589
0.381154
0.380306
0.379807
0.380013
0.379648
0.379444
0.378972
0.37859
0.378577
0.378439
0.378459
0.378324
0.378369
0.378182
0.378074
0.377869
0.377585
0.377853
0.377453
0.377693
0.377913
0.378159
0.377833
0.377678
0.377576
0.377255
0.37672
0.376705
0.37657
0.376488
0.376331
0.376439
0.376321
0.376092
0.376074
0.37576
0.375343
0.375144
0.375156
0.375175
0.374931
0.374871
0.375072
0.374868
0.374857
0.374917
0.37478
0.374515
0.374233
0.374202
0.374205
0.374252
0.374274
0.374209
0.374273
0.374111
0.374257
0.373992
0.373603
0.373447
0.373035
0.372755
0.372765
0.373113
0.373319
0.37315
0.373262
0.373088
0.373111
0.373215
0.372952
0.372807
0.372743
0.372624
0.372509
0.372528
0.372496
0.372503
0.37259
0.372694
0.372562
0.372325
0.37235
0.372412
0.372611
0.372394
0.372292
0.372433
0.372476
0.372222
0.372189
0.371937
0.372078
0.371752
0.371535
0.371396
0.371238
0.371511
0.37142
0.371277
0.37103
0.37089
0.370829
0.370986
0.370965
0.370654
0.370554
0.370609
0.370439
0.370366
0.370478
0.370533
0.370537
0.370612
0.37063
0.370354
0.370223
0.369956
0.370086
0.369947
0.369742
0.369557
0.369465
0.36926
0.369148
0.369068
0.368979
0.368973
0.369039
0.368981
0.368718
0.368732
0.368637
0.368898
0.368857
0.368724
0.368842
0.368995
0.368918
0.368691
0.368855
0.369094
0.369109
0.369119
0.369021
0.369268
0.369164
0.369124
0.369121
0.369012
0.368995
0.368969
0.36901
0.368904
0.368743
0.368828
0.368921
0.368859
0.36901
0.36892
0.368613
0.368475
0.368531
0.368424
0.368333
0.368302
0.368544
0.368575
0.368581
0.368525
0.368404
0.368438
0.368374
0.368458
0.36827
0.368464
0.368298
0.368358
0.368415
0.368463
0.368355
0.368326
0.368248
0.368062
0.368081
0.36802
0.367987
0.368038
0.36816
0.368096
0.368129
0.368288
0.368109
0.368272
0.368198
0.36813
0.368215
0.368259
0.368045
0.368002
0.367985
0.36815
0.368148
0.368124
0.368005
0.368099
0.368356
0.368457
0.368394
0.368296
0.368286
0.368429
0.368406
0.368477
0.368536
0.368573
0.368624
0.368608
0.368597
0.368486
0.368414
0.368282
0.368041
0.367886
0.36806
0.3683
0.368233
0.368277
0.368377
0.368299
0.368444
0.3685
0.368484
0.368582
0.368716
0.368621
0.368506
0.368392
0.368414
0.368538
0.368504
0.368386
0.36829
0.368282
0.368295
0.368376
0.368328
0.368297
0.368237
0.368173
0.368232
0.368236
0.368142
0.367977
0.367931
0.367956
0.367972
0.367972
0.368042
0.368082
0.368176
0.368276
0.368279
0.368457
0.368608
0.368556
0.368692
0.368608
0.368568
0.368485
0.36852
0.368615
0.368692
0.368716
0.368681
0.368606
0.368509
0.368542
0.368538
0.368594
0.368685
0.368861
0.368985
0.36899
0.368864
0.368876
0.368772
0.36883
0.368898
0.368911
0.368901
0.368825
0.368732
0.368795
0.368779
0.368826
0.368749
0.368783
0.368987
0.36904
0.369164
0.369049
0.369218
0.369175
0.369296
0.369238
0.369191
0.369386
0.369413
0.369458
0.36957
0.369609
0.369481
0.369455
0.369481
0.369456
0.36957
0.369633
0.369679
0.369597
0.369688
0.369671
0.369643
0.369738
0.369827
0.369877
0.369979
0.370074
0.370059
0.369937
0.370072
0.370203
0.370226
0.370237
0.370224
0.370313
0.370392
0.370262
0.370166
0.370108
0.370104
0.370126
0.370216
0.370133
0.370153
0.370193
0.370307
0.370379
0.370446
0.370551
0.370553
0.370518
0.37065
0.370831
0.370985
0.370844
0.3708
0.370812
0.370864
0.370826
0.370926
0.370917
0.370899
0.370997
0.370969
0.371003
0.371077
0.371069
0.371036
0.371162
0.371238
0.3713
0.371378
0.371495
0.371497
0.371513
0.371555
0.371616
0.37159
0.371658
0.371622
0.37173
0.371816
0.371814
0.371786
0.371896
0.371991
0.372006
0.372071
0.372146
0.372152
0.372014
0.372112
0.372006
0.372005
0.372036
0.372154
0.372091
0.372194
0.372275
0.372311
0.372272
0.372373
0.372409
0.372409
0.37247
0.372444
0.372517
0.372648
0.372683
0.37261
0.372604
0.372664
0.372699
0.372879
0.372897
0.372933
0.372955
0.37301
0.373073
0.37307
0.373138
0.373203
0.37328
0.373254
0.373284
0.373296
0.373336
0.37347
0.373529
0.373476
0.373485
0.373595
0.373547
0.373592
0.373587
0.373552
0.373525
0.373493
0.373573
0.373509
0.373588
0.373714
0.373851
0.373902
0.373953
0.373931
0.37398
0.373949
0.373993
0.37412
0.3742
0.374167
0.374275
0.374289
0.374315
0.374296
0.374352
0.374301
0.374273
0.374347
0.374431
0.374413
0.374542
0.37469
0.374753
0.374742
0.374724
0.374745
0.374823
0.374928
0.374868
0.374785
0.374831
0.374766
0.374776
0.374781
0.374887
0.37487
0.375016
0.375079
0.375156
0.375137
0.375106
0.375172
0.375186
0.37526
0.375291
0.375286
0.375395
0.375367
0.375417
0.375364
0.375284
0.375244
0.375249
0.375306
0.375333
0.375328
0.375349
0.375357
0.375373
0.375334
0.375354
0.375302
0.375285
0.375392
0.375431
0.375405
0.375433
0.37558
0.375529
0.375576
0.375542
0.375588
0.375607
0.375618
0.375624
0.375621
0.375646
0.375654
0.375697
0.375677
0.375677
0.375662
0.375765
0.375724
0.375701
0.375727
0.375827
0.375763
0.375736
0.375781
0.375865
0.375822
0.375802
0.375737
0.375757
0.375744
0.375671
0.375739
0.375837
0.375849
0.37587
0.375926
0.375908
0.376023
0.376033
0.376019
0.376082
0.376068
0.376162
0.376211
0.376214
0.376248
0.376286
0.376311
0.376244
0.376262
0.376317
0.376307
0.376367
0.376382
0.376413
0.37644
0.376426
0.376361
0.376405
0.376456
0.376505
0.376585
0.376521
0.376614
0.376552
0.376624
0.376649
0.37666
0.37665
0.376704
0.376716
0.37672
0.376732
0.376737
0.376746
0.376737
0.376768
0.37674
0.376732
0.376794
0.376917
0.376892
0.376997
0.377121
0.377133
0.377215
0.377228
0.377195
0.377259
0.377328
0.377363
0.377459
0.377462
0.377573
0.377568
0.377491
0.377496
0.377565
0.377532
0.37757
0.377659
0.377613
0.377603
0.377647
0.37761
0.377645
0.377642
0.37772
0.377681
0.37773
0.37778
0.377728
0.377811
0.377856
0.37794
0.377975
0.377976
0.377993
0.378039
0.378071
0.377971
0.378152
0.378137
0.378213
0.378251
0.378388
0.378478
0.37855
0.37861
0.378677
0.378655
0.378638
0.378592
0.378703
0.37874
0.378724
0.378631
0.378584
0.378603
0.378674
0.378777
0.378807
0.378816
0.378882
0.378959
0.378941
0.378923
0.378993
0.378986
0.379002
0.378944
0.379052
0.379064
0.379127
0.3792
0.379091
0.379092
0.379097
0.379103
0.379109
0.379139
0.379128
0.37908
0.37907
0.379171
0.37917
0.379145
0.379209
0.379286
0.379328
0.379407
0.379484
0.379485
0.379487
0.379505
0.379516
0.379538
0.379566
0.37964
0.379805
0.379767
0.379823
0.379844
0.379785
0.379764
0.379797
0.379811
0.379811
0.379873
0.379873
0.379903
0.379979
0.380022
0.380088
0.380148
0.380265
0.380332
0.380373
0.380316
0.380345
0.380323
0.380359
0.380431
0.380468
0.380502
0.380552
0.380554
0.38057
0.380574
0.380496
0.380454
0.380496
0.380489
0.380512
0.380529
0.380539
0.380634
0.38071
0.380813
0.380794
0.380782
0.380796
0.380881
0.380872
0.380867
0.380854
0.380765
0.380781
0.38083
0.380817
0.380904
0.380916
0.380947
0.381017
0.381061
0.381098
0.38105
0.381086
0.381062
0.381106
0.381115
0.381206
0.381236
0.381252
0.381267
0.381369
0.381434
0.381437
0.381388
0.381376
0.381414
0.381447
0.381457
0.381404
0.381414
0.381361
0.381454
0.381506
0.381459
0.381595
0.381677
0.381714
0.381783
0.38181
0.381904
0.381938
0.381922
0.381993
0.381957
0.381979
0.381997
0.382002
0.382079
0.382041
0.38207
0.382017
0.382017
0.381953
0.382005
0.38203
0.382025
0.382024
0.382015
0.38197
0.381922
0.381931
0.381984
0.381936
0.381958
0.382004
0.382018
0.382018
0.38201
0.382035
0.382074
0.382147
0.382136
0.382149
0.382174
0.382194
0.382303
0.382335
0.38234
0.382345
0.382406
0.382445
0.382435
0.382418
0.382435
0.382408
0.382426
0.382479
0.38257
0.38259
0.382636
0.382652
0.382621
0.382625
0.382698
0.382757
0.38274
0.382753
0.382766
0.382845
0.382845
0.382891
0.382976
0.38295
0.382951
0.382995
0.383001
0.383005
0.383042
0.382991
0.383035
0.383067
0.383137
0.383218
0.383229
0.383321
0.383368
0.383343
0.383353
0.383404
0.383361
0.38341
0.383431
