0.517958
0.526316
0.540889
0.546545
0.544022
0.548212
0.546278
0.53942
0.540747
0.545074
0.546383
0.545556
0.544189
0.542993
0.545466
0.547957
0.545983
0.546348
0.545971
0.547265
0.547855
0.549502
0.549408
0.5488
0.549841
0.549383
0.549228
0.548735
0.549591
0.548882
0.547971
0.547458
0.546353
0.546064
0.545538
0.545047
0.544828
0.54394
0.543406
0.542536
0.543268
0.543575
0.542996
0.542811
0.5426
0.542
0.54186
0.542168
0.542266
0.54301
0.543075
0.543237
0.543207
0.543596
0.543369
0.543551
0.544422
0.5443
0.54402
0.544863
0.544841
0.544369
0.544696
0.544489
0.544428
0.544343
0.545121
0.544743
0.544867
0.544468
0.544504
0.544115
0.544254
0.544438
0.544065
0.543966
0.544349
0.544265
0.544233
0.544016
0.544203
0.544078
0.543954
0.544119
0.544194
0.544455
0.544548
0.544629
0.544225
0.544484
0.544447
0.544484
0.544575
0.544369
0.544427
0.544516
0.54458
0.544483
0.544321
0.5445
0.544406
0.544404
0.544235
0.544094
0.544061
0.543759
0.543653
0.543486
0.543326
0.543009
0.542589
0.542573
0.542336
0.542175
0.541978
0.541978
0.542126
0.542177
0.542189
0.542149
0.542431
0.54259
0.542844
0.542735
0.542761
0.542865
0.542735
0.542665
0.542516
0.5424
0.542771
0.542553
0.542201
0.542177
0.542158
0.542107
0.542318
0.542342
0.542185
0.542141
0.542383
0.542461
0.542401
0.542273
0.542241
0.542307
0.542241
0.542004
0.541911
0.541701
0.541586
0.541829
0.541915
0.542018
0.541946
0.54181
0.541895
0.542011
0.542034
0.542163
0.541919
0.541744
0.541562
0.541339
0.541329
0.541287
0.541167
0.541174
0.541138
0.541403
0.541436
0.541418
0.541517
0.541653
0.54161
0.541696
0.541643
0.54171
0.541711
0.541379
0.541592
0.541427
0.541444
0.541684
0.541858
0.541774
0.541791
0.541702
0.541902
0.541909
0.541765
0.541723
0.541599
0.54137
0.541292
0.541405
0.541463
0.541486
0.541499
0.541423
0.541519
0.541449
0.541315
0.5412
0.541351
0.541362
0.541357
0.541341
0.541219
0.541238
0.541357
0.541291
0.541249
0.541211
0.541015
0.540935
0.541018
0.540952
0.540988
0.541003
0.541094
0.541076
0.541178
0.541202
0.540997
0.541072
0.541102
0.540998
0.540988
0.541043
0.541004
0.540991
0.541197
0.541016
0.540784
0.541004
0.541017
0.541032
0.540966
0.540979
0.541017
0.541112
0.541234
0.541275
0.541263
0.541193
0.54111
0.541144
0.541178
0.54109
0.541121
0.541084
0.541126
0.541139
0.541069
0.541041
0.541071
0.540897
0.540881
0.540959
0.540869
0.540842
0.540882
0.541029
0.540934
0.540866
0.540929
0.540836
0.540826
0.540921
0.540891
0.540824
0.540819
0.540752
0.540868
0.540858
0.540808
0.540765
0.540732
0.540733
0.540654
0.540585
0.54052
0.540476
0.540403
0.540415
0.540575
0.54042
0.54056
0.540465
0.540412
0.540354
0.540275
0.540188
0.540187
0.540117
0.540201
0.540102
0.540136
0.540081
0.540038
0.539993
0.54004
0.53999
0.53989
0.539891
0.53991
0.539885
0.539841
0.5398
0.539779
0.539806
0.539813
0.539926
0.539924
0.539926
0.540036
0.53997
0.54006
0.540079
0.540107
0.540091
0.540043
0.539974
0.540105
0.539995
0.539907
0.53978
0.539576
0.539475
0.539398
0.539425
0.539413
0.539435
0.539417
0.539436
0.539415
0.539318
0.539375
0.539409
0.539367
0.539441
0.539436
0.539151
0.539111
0.539099
0.539221
0.539134
0.539183
0.539134
0.539106
0.539159
0.539105
0.539
0.538958
0.53905
0.539028
0.539047
0.538959
0.538848
0.53881
0.538754
0.53873
0.538686
0.538623
0.538624
0.538624
0.53867
0.538596
0.538567
0.538415
0.538401
0.538371
0.538409
0.538531
0.53838
0.538308
0.538357
0.53838
0.538287
0.538172
0.538247
0.538177
0.538154
0.538183
0.538223
0.5382
0.538287
0.538287
0.538244
0.538188
0.538136
0.5381
0.538112
0.538062
0.538139
0.538085
0.53813
0.538111
0.53814
0.538104
0.538017
0.53799
0.537951
0.537906
0.537871
0.537887
0.537775
0.537737
0.537715
0.537719
0.537598
0.537567
0.53772
0.537692
0.537861
0.537848
0.537754
0.537702
0.537746
0.537783
0.537741
0.537615
0.537556
0.537561
0.537516
0.537488
0.537475
0.537531
0.537489
0.537533
0.537526
0.537541
0.537553
0.53749
0.537538
0.537531
0.537518
0.537566
0.537536
0.5376
0.537579
0.537555
0.537443
0.537409
0.537436
0.537497
0.537465
0.53746
0.537387
0.537404
0.537418
0.537372
0.537354
0.537365
0.537409
0.537304
0.537338
0.537404
0.537421
0.537412
0.537422
0.5375
0.537522
0.537434
0.537452
0.537432
0.537512
0.537587
0.537607
0.537658
0.537637
0.537646
0.53754
0.537475
0.537495
0.537529
0.537473
0.53745
0.53745
0.537486
0.537602
0.53755
0.537511
0.537559
0.537577
0.537695
0.537697
0.537692
0.537778
0.537817
0.537849
0.537847
0.537862
0.537899
0.537902
0.537846
0.537798
0.53781
0.537778
0.537772
0.537776
0.537783
0.537742
0.537723
0.537675
0.537704
0.537689
0.537725
0.537675
0.537765
0.537795
0.537832
0.537792
0.537756
0.537766
0.537758
0.537762
0.537742
0.537682
0.537701
0.537723
0.537766
0.537775
0.537739
0.537749
0.537705
0.537698
0.537695
0.537725
0.537766
0.53781
0.537759
0.53773
0.537728
0.537726
0.537715
0.537633
0.537624
0.53759
0.537677
0.537682
0.537735
0.537722
0.53767
0.537719
0.537716
0.537727
0.53766
0.537683
0.537674
0.537678
0.537696
0.53773
0.537669
0.537623
0.537611
0.537578
0.537545
0.537561
0.53755
0.537519
0.537493
0.53741
0.537403
0.537366
0.537326
0.537322
0.537284
0.537266
0.537056
0.537057
0.537029
0.537026
0.536986
0.53693
0.536926
0.536925
0.536899
0.536818
0.536849
0.536845
0.536867
0.536853
0.536848
0.536847
0.536812
0.53681
0.536794
0.53678
0.536727
0.53676
0.536801
0.536809
0.53684
0.536896
0.536944
0.536886
0.536971
0.537006
0.537036
0.537056
0.53703
0.536994
0.536992
0.536981
0.536923
0.536892
0.536883
0.536894
0.536934
0.53698
0.536931
0.53685
0.536838
0.536864
0.536811
0.536767
0.536827
0.536829
0.536827
0.536794
0.536828
0.536808
0.536827
0.536777
0.536735
0.536786
0.536806
0.536785
0.536752
0.536785
0.536792
0.53678
0.536773
0.536785
0.5368
0.53684
0.536824
0.536873
0.536847
0.536881
0.536902
0.536882
0.53695
0.536986
0.537006
0.537025
0.537047
0.537055
0.537044
0.537016
0.537043
0.537111
0.537164
0.537232
0.537304
0.537268
0.537285
0.53728
0.537224
0.537229
0.537228
0.537259
0.537256
0.537255
0.537262
0.537291
0.537298
0.537273
0.537289
0.537294
0.537287
0.53725
0.537317
0.537359
0.537395
0.537433
0.537468
0.537486
0.537558
0.537591
0.537569
0.537523
0.537506
0.537481
0.537483
0.537489
0.537466
0.537397
0.537404
0.537405
0.537358
0.537314
0.537415
0.537358
0.537361
0.537334
0.537314
0.537299
0.537322
0.537291
0.537269
0.537318
0.53728
0.537315
0.537342
0.53733
0.537345
0.537314
0.537352
0.537381
0.537369
0.537309
0.5373
0.53727
0.537281
0.537253
0.537222
0.537215
0.537171
0.537148
0.537178
0.537167
0.53717
0.537153
0.537144
0.537113
0.53711
0.537104
0.53706
0.53709
0.537022
0.536994
0.536974
0.537016
0.537043
0.537005
0.536936
0.536956
0.536999
0.537043
0.537053
0.53708
0.537127
0.537087
0.537113
0.537096
0.537081
0.53711
0.53711
0.537096
0.537053
0.536993
0.536983
0.536956
0.536908
0.536899
0.53689
0.536918
0.536898
0.536881
0.536881
0.536879
0.536886
0.536871
0.53686
0.536869
0.536818
0.53677
0.536759
0.536748
0.536729
0.536698
0.536609
0.53666
0.536586
0.536553
0.536562
0.536525
0.53653
0.536483
0.536499
0.536498
0.536518
0.536516
0.5365
0.536479
0.536421
0.536371
0.53637
0.536322
0.536307
0.536327
0.536363
0.536359
0.536339
0.536287
0.536307
0.536294
0.536285
0.536298
0.536276
0.536323
0.536315
0.536391
0.536462
0.536432
0.53644
0.536452
0.536457
0.536372
0.536388
0.536412
0.536399
0.53639
0.536324
0.536314
0.536297
0.536297
0.536286
0.536287
0.536311
0.53633
0.536325
0.536335
0.536295
0.536316
0.536334
0.536389
0.53646
0.536451
0.536464
0.536452
0.536496
0.536469
0.536486
0.536546
0.536493
0.536469
0.536441
0.536449
0.536423
0.536411
0.536408
0.536354
0.536386
0.53637
0.536354
0.53631
0.536297
0.536288
0.536287
0.536264
0.536207
0.536201
0.536191
0.536147
0.536075
0.536062
0.536096
0.536117
0.536156
0.536142
0.536161
0.536134
0.536132
0.536152
0.536131
0.536128
0.536114
0.536129
0.536119
0.536143
0.536133
0.536181
0.536159
0.536173
0.536172
0.536248
0.536238
0.536245
0.536272
0.536301
0.536333
0.536362
0.536364
0.53633
0.536328
0.536325
0.536335
0.536325
0.536318
0.536328
0.536344
0.536334
0.536343
0.536336
0.536336
0.536307
0.536336
0.536349
0.536363
0.53639
0.536396
0.536378
0.536366
0.536364
0.53637
0.536387
0.536368
0.536396
0.536418
0.536403
0.536391
0.536392
0.536404
0.5364
0.53643
0.536471
0.536511
0.536497
0.536499
0.536535
0.53657
0.536575
0.536549
0.536489
0.53645
0.536464
0.536454
0.536451
0.536415
0.536412
0.536359
0.536399
0.536406
0.536414
0.536401
0.536392
0.536396
0.536417
0.536477
0.536485
0.536498
0.536541
0.53651
0.536525
0.536504
0.536518
0.536561
0.536524
0.536517
0.536527
0.536553
0.536543
0.536493
0.53653
0.536516
0.536565
0.536557
0.536571
0.536586
0.536577
0.536564
0.536554
0.536571
0.536539
0.536556
0.536483
0.536435
0.536397
0.536377
0.536372
0.53633
0.536366
0.536366
0.53633
0.536298
0.536297
0.536325
0.536397
0.536426
0.536436
0.536448
0.53645
0.536438
0.536414
0.536371
