0.952096
0.837243
0.692991
0.593032
0.521587
0.489372
0.454817
0.420171
0.394432
0.378765
0.371762
0.363217
0.358092
0.353515
0.345599
0.339781
0.336714
0.331886
0.329276
0.32552
0.324975
0.324521
0.322173
0.319942
0.319048
0.317629
0.315702
0.313157
0.313428
0.311056
0.31034
0.310426
0.309425
0.309541
0.308285
0.307111
0.305089
0.305919
0.304867
0.302687
0.301965
0.30129
0.301924
0.301635
0.30094
0.300445
0.3
0.299418
0.299333
0.298438
0.297574
0.296389
0.296476
0.296008
0.294873
0.294195
0.293669
0.294118
0.29299
0.292848
0.292254
0.290726
0.289881
0.289158
0.289071
0.288555
0.288286
0.288333
0.287725
0.286421
0.28505
0.283995
0.284492
0.284636
0.284267
0.28442
0.283509
0.28383
0.283971
0.283216
0.282812
0.282834
0.282428
0.282288
0.282236
0.28283
0.283498
0.283835
0.283419
0.283575
0.283428
0.28373
0.283372
0.283454
0.282929
0.282522
0.282518
0.282799
0.282503
