0.93994
0.883156
0.75541
0.671445
0.615642
0.58436
0.545982
0.518916
0.503259
0.488641
0.482421
0.476421
0.471726
0.467709
0.464364
0.460209
0.457237
0.454177
0.451674
0.448829
0.446886
0.446459
0.444527
0.443488
0.442451
0.441393
0.438582
0.436867
0.437199
0.43666
0.435299
0.434889
0.43373
0.432972
0.432068
0.430501
0.429579
0.429633
0.429656
0.428421
0.428372
0.4272
0.427024
0.429023
0.42862
0.428087
0.427636
0.427182
0.427401
0.427576
0.427665
0.427167
0.426793
0.425589
0.424844
0.424192
0.423761
0.423572
0.423454
0.423714
0.422429
0.422341
0.422434
0.422149
0.422701
0.422133
0.421559
0.422883
0.422505
0.421599
0.421203
0.420693
0.420634
0.420988
0.420328
0.419993
0.420012
0.419532
0.419916
0.419204
0.419419
0.419133
0.419029
0.418795
0.419042
0.419455
0.420288
0.420349
0.420554
0.420548
0.420759
0.420735
0.421075
0.421729
0.42174
0.421862
0.421726
0.421126
0.420549
