0.332724
0.295956
0.305211
0.299953
0.298954
0.295753
0.297571
0.292906
0.299706
0.296819
0.307336
0.311419
0.310901
0.318353
0.322735
0.323776
0.324008
0.324784
0.326902
0.329356
0.327096
0.328324
0.326559
0.32728
0.329492
0.328568
0.329666
0.330452
0.329159
0.329628
0.331826
0.333373
0.335345
0.339511
0.34104
0.341974
0.343448
0.343562
0.344838
0.346499
0.348107
0.348607
0.34883
0.348256
0.348645
0.349211
0.34992
0.350606
0.350978
0.351604
0.352359
0.351997
0.351913
0.352555
0.353397
0.354012
0.354622
0.356328
0.357083
0.357084
0.357161
0.356307
0.35602
0.356473
0.35691
0.357149
0.35702
0.35734
0.357384
0.356449
0.357191
0.357773
0.358223
0.35919
0.359664
0.359892
0.360621
0.361498
0.361726
0.36179
0.36124
0.361557
0.362029
0.362498
0.363057
0.363014
0.363161
0.363492
0.362658
