0.884831
0.787623
0.686408
0.598841
0.556999
0.532115
0.506757
0.49241
0.486693
0.47649
0.471077
0.470248
0.469797
0.464799
0.463102
0.4598
0.456223
0.457336
0.456499
0.455083
0.453606
0.451037
0.446698
0.447753
0.446429
0.444236
0.444204
0.445541
0.445128
0.445691
0.445479
0.446376
0.446176
0.447097
0.444748
0.442542
0.443164
0.444189
0.444166
0.443272
0.442909
0.443775
0.444509
0.444255
0.443615
0.44425
0.443475
0.444362
0.443969
0.443714
0.443555
0.443557
0.443482
0.44285
0.44214
0.44231
0.441889
0.442292
0.441544
0.44235
0.441174
0.44064
0.440494
0.439778
0.438903
0.437833
0.437121
0.436947
0.437018
0.43694
0.437029
0.43778
0.437505
0.437996
0.438433
0.437509
0.43594
0.435758
0.436132
0.435731
0.436035
0.436494
0.436042
0.435884
0.435508
0.435433
0.435765
0.435572
0.435409
0.434707
0.435001
0.434431
0.435366
0.435474
0.436163
0.435982
0.436025
0.436322
0.436586
