0.947205
0.880528
0.777157
0.700267
0.651648
0.632545
0.611183
0.598604
0.591091
0.583696
0.578804
0.57707
0.573824
0.572451
0.570322
0.568945
0.5659
0.565472
0.562828
0.56078
0.558338
0.557196
0.557762
0.557501
0.557662
0.55686
0.55538
0.554746
0.554662
0.554521
0.554071
0.554513
0.553655
0.55308
0.552373
0.552252
0.552838
0.55286
0.55288
0.552703
0.551311
0.551235
0.551658
0.551225
0.55087
0.551319
0.550829
0.551055
0.550422
0.550708
0.551307
0.55165
0.551104
0.551262
0.551381
0.550995
0.551554
0.551308
0.551058
0.551431
0.551759
0.551518
0.550493
0.549715
0.550275
0.549311
0.549493
0.54923
0.549744
0.549996
0.549669
0.549991
0.550615
0.55056
0.550644
0.550094
0.548775
0.548344
0.548448
0.54909
0.549292
0.549244
0.549324
0.549907
0.550054
0.550278
0.550303
0.550594
0.550248
0.550139
0.550439
0.550685
0.550515
0.550006
0.55073
0.550672
0.550491
0.550533
0.550898
