0.434109
0.441065
0.429569
0.431259
0.434549
0.436404
0.429434
0.42469
0.422386
0.422387
0.422126
0.423804
0.422307
0.421721
0.421959
0.422246
0.423662
0.422866
0.423647
0.424543
0.42743
0.427716
0.430292
0.429621
0.428813
0.429899
0.429434
0.430685
0.431824
0.432654
0.431727
0.430138
0.430922
0.430975
0.431544
0.431892
0.431878
0.431723
0.432479
0.432011
0.431668
0.43126
0.431572
0.432093
0.432145
0.432002
0.43205
0.432082
0.431604
0.431849
0.432155
0.431606
0.431764
0.431731
0.431402
0.430904
0.430806
0.431227
0.431421
0.430946
0.430961
0.431806
0.431922
0.431991
0.432118
0.430824
0.428844
0.428852
0.428307
0.428427
0.428337
0.428076
0.427539
0.427501
0.426774
0.426512
0.426298
0.426058
0.426005
0.425832
0.42617
0.426428
0.42665
0.426802
0.427359
0.427164
0.427687
0.427225
0.427454
