0.910405
0.876672
0.849975
0.837918
0.819697
0.798566
0.78391
0.773834
0.761905
0.750186
0.744998
0.737592
0.728414
0.721187
0.715207
0.707701
0.699945
0.693338
0.685454
0.678793
0.673854
0.668269
0.661404
0.654123
0.647739
0.641492
0.635941
0.630171
0.625407
0.61876
0.614233
0.609925
0.605698
0.602332
0.598638
0.594646
0.591465
0.588814
0.584967
0.581958
0.578284
0.574695
0.570618
0.566856
0.564411
0.562178
0.560205
0.557807
0.555167
0.552215
0.549654
0.54734
0.544574
0.541673
0.538637
0.536624
0.534917
0.532063
0.529951
0.527937
0.526096
0.524057
0.52242
0.520798
0.518675
0.516633
0.514944
0.513671
0.51175
0.510436
0.50867
0.507421
0.505718
0.504771
0.503878
0.502772
0.5013
0.500299
0.499025
0.498295
0.49712
0.495801
0.494092
0.493195
0.492203
0.490585
0.489969
0.489203
0.487976
0.487193
0.486331
0.485683
0.48499
0.484361
0.483137
0.482296
0.481266
0.480402
0.479966
0.479095
0.478135
0.477371
0.476534
0.476085
0.475656
0.474905
0.473882
0.473193
0.472808
0.472057
0.471552
0.47118
0.470425
0.469765
0.469277
0.469231
0.468682
0.46823
0.468078
0.467497
0.467028
0.46654
0.466054
0.465635
0.465003
0.464349
0.464123
0.463821
0.463186
0.462481
0.462387
0.461757
0.46136
0.461084
0.460619
0.4601
0.459819
0.459599
0.459268
0.458933
0.458416
0.457998
0.457772
0.457364
0.456925
0.456335
0.456027
0.455898
0.455562
0.455275
0.454753
0.454614
0.454398
0.454053
0.453488
0.45313
0.452978
0.452318
0.452197
0.452158
0.451856
0.451553
0.451537
0.451105
0.450605
0.450365
0.450261
0.449749
0.449709
0.449406
0.449306
0.449242
0.449281
0.449106
0.44899
0.449017
0.448531
0.448443
0.448516
0.448215
0.448154
0.447694
0.447382
0.447043
0.446808
0.446777
0.446673
0.446552
0.446457
0.44611
0.445691
0.445385
0.445225
0.445014
0.444668
0.444249
0.444252
0.444037
0.443779
0.443546
0.443592
0.443553
0.44363
0.443418
0.443045
0.443034
0.442841
0.442705
0.442532
0.442376
0.442353
0.442173
0.442046
0.44183
0.441541
0.441072
0.440978
0.440751
0.440604
0.440295
0.440059
0.440165
0.440067
0.439845
0.439746
0.439751
0.439619
0.439233
0.439104
0.438914
0.438662
0.438572
0.438384
0.438248
0.438134
0.438143
0.438123
0.437801
0.437708
0.437614
0.437654
0.437563
0.437423
0.437313
0.437084
0.437052
0.436894
0.43693
0.43675
0.43664
0.436675
0.436589
0.436606
0.43636
0.436332
0.436177
0.43618
0.436096
0.436102
0.435981
0.435886
0.435884
0.43587
0.435677
0.435711
0.435734
0.435384
0.435355
0.435275
0.435318
0.435274
0.435029
0.434904
0.434805
0.434606
0.434504
0.434392
0.434214
0.434172
0.434014
0.433864
0.433872
0.433766
0.433587
0.43347
0.433412
0.43339
0.433344
0.433254
0.433314
0.433303
0.433347
0.433334
0.433314
0.433051
0.432938
0.43275
0.432752
0.432672
0.432651
0.432627
0.432694
0.432702
0.432733
0.432595
0.432516
0.43258
0.432448
0.432504
0.43242
0.432297
0.432358
0.432279
0.432251
0.432189
0.432259
0.43222
0.43219
0.432177
0.432288
0.432215
0.432176
0.432048
0.431929
0.431972
0.431915
0.431899
0.431886
0.431737
0.431673
0.431728
0.431733
0.431889
0.43188
0.431926
0.432094
0.432034
0.431954
0.432039
0.432047
0.431923
0.432044
0.432259
0.432257
0.432307
0.432491
0.432494
0.432547
0.432499
0.432635
0.43263
0.432635
0.432611
0.432636
0.432696
0.432641
0.432584
0.432557
0.432462
0.432357
0.432411
0.432403
0.432389
0.432442
0.432449
0.432612
0.432636
0.432494
0.432462
0.43239
0.43227
0.432301
0.432278
0.432348
0.432209
0.432139
0.432093
0.432097
0.432105
0.432151
0.432206
0.432226
0.432105
0.432183
0.432164
0.432198
0.432371
0.43239
0.432271
0.432224
0.432237
0.432269
0.432203
0.432171
0.432183
0.432112
0.43219
0.43212
0.432191
0.432172
0.432191
0.432267
0.432308
0.432314
0.432143
0.43216
0.43219
0.43217
0.432158
0.432172
0.432243
0.432123
0.4321
0.432021
0.432043
0.432072
0.432004
0.432113
0.432116
0.432096
0.431897
0.431717
0.431704
0.431721
0.431814
0.431844
0.431821
0.43179
0.431781
0.43174
0.43169
0.43162
0.431674
0.431707
0.431784
0.431862
0.431856
0.431732
0.43169
0.43162
0.431651
0.431603
0.431714
0.431755
0.431786
0.431834
0.431854
0.431949
0.431866
0.431962
0.432013
0.432045
0.431918
0.431951
0.431891
0.431827
0.431902
0.431903
0.432027
0.431969
0.432016
0.431932
0.431927
0.431882
0.431923
0.432006
0.432103
0.432131
0.432175
0.432188
0.432172
0.43213
0.432054
0.432064
0.43215
0.432259
0.432274
0.432216
0.432225
0.432131
0.432056
0.432117
0.432064
0.432114
0.43214
0.432209
0.432181
0.432244
0.432253
0.432172
0.432222
0.432187
0.432179
0.432028
0.432051
0.432195
0.43232
0.432346
0.432412
0.432345
0.432409
0.432428
0.432463
0.432447
0.432415
0.432357
0.432349
0.432396
0.432331
0.432319
0.432299
0.432254
0.432205
0.432273
0.432195
0.432199
0.432266
0.432224
0.43228
0.432343
0.432314
0.432297
0.43233
0.432291
0.432305
0.432342
0.432431
0.432523
0.432574
0.432586
0.432588
0.432557
0.432528
0.432579
0.43261
0.432565
0.432502
0.432476
0.432442
0.43245
0.432374
0.432536
0.432532
0.432481
0.432477
0.432509
0.432543
0.432524
0.432543
0.432495
0.432484
0.432485
0.432527
0.432577
0.432687
0.432746
0.432781
0.432785
0.432739
0.432764
0.432814
0.432856
0.43287
0.432856
0.432907
0.432928
0.432914
0.432952
0.432895
0.432795
0.432828
0.432837
0.432922
0.432883
0.432794
0.432809
0.432787
0.432771
0.432776
0.432782
0.432679
0.432704
0.432804
0.432842
0.432761
0.432804
0.43288
0.432905
0.432895
0.432947
0.432865
0.432802
0.432797
0.43272
0.432665
0.432686
0.432609
0.432567
0.432598
0.432679
0.43272
0.432732
0.43264
0.43278
0.432848
0.432883
0.43297
0.433007
0.433138
0.433128
0.4332
0.433221
0.433172
0.433145
0.433226
0.433176
0.433151
0.433178
0.433211
0.433254
0.433299
0.433223
0.433276
0.43336
0.433383
0.433334
0.433334
0.433287
0.433329
0.433321
0.43337
0.433373
0.433416
0.433416
0.433439
0.433409
0.433465
0.433477
0.433565
0.433579
0.433566
0.43365
0.433618
0.43359
0.433551
0.433543
0.433565
0.43355
0.433538
0.433522
0.433564
0.433567
0.43354
0.433535
0.43356
0.433517
0.433481
0.433493
0.433497
0.433524
0.433533
0.433513
0.433521
0.43355
0.433606
0.433652
0.433614
0.433737
0.433757
0.433805
0.433765
0.433808
0.43391
0.433932
0.433957
0.43394
0.433908
0.433936
0.433982
0.434001
0.433998
0.433964
0.433983
0.43405
0.434012
0.434056
0.434035
0.434021
0.434032
0.434008
0.434071
0.434099
0.434115
0.434107
0.434119
0.434062
0.434103
0.434051
0.434097
0.434095
0.434111
0.43411
0.434154
0.434203
0.434278
0.43426
0.434294
0.434308
0.434319
0.434379
0.434409
0.434418
0.434423
0.434475
0.434463
0.434494
0.43453
0.434527
0.434526
0.434541
0.434549
0.434542
0.434604
0.434608
0.43456
0.434577
0.434583
0.434649
0.434712
0.434732
0.434798
0.434796
0.434828
0.434858
0.434872
0.434853
0.434862
0.434894
0.434889
0.434946
0.434927
0.434958
0.434978
0.435019
0.435099
0.435111
0.435165
0.435178
0.435148
0.43517
0.435203
0.435204
0.435197
0.43526
0.435374
0.435411
0.435417
0.435428
0.435403
0.435424
0.435401
0.435401
0.435507
0.435536
0.435578
0.435635
0.435667
0.435709
0.435765
0.435774
0.435748
0.43574
0.435767
0.435751
0.435781
0.435813
0.435871
0.435902
0.435917
0.435919
0.435967
0.436004
0.435971
0.436041
0.43606
0.436099
0.4361
0.436137
0.436125
0.43613
0.436125
0.436148
0.436198
0.436228
0.436324
0.436353
0.43639
0.436368
0.436341
0.436382
0.436362
0.43642
0.436419
0.436386
0.436419
0.436479
0.436558
0.436546
0.436534
0.436534
0.436547
0.436633
0.436673
0.436724
0.436717
0.436706
0.436771
0.436789
0.436811
0.436831
0.436841
0.436864
0.436793
0.436752
0.436773
0.436834
0.43687
0.436861
0.43692
0.436929
0.436956
0.436952
0.4369
0.436926
0.436954
0.436932
0.436933
0.436926
0.436991
0.437059
0.437097
0.437068
0.43705
0.437069
0.437093
0.437121
0.437171
0.43723
0.437236
0.437306
0.437308
0.437308
0.437328
0.437331
0.437303
0.43732
0.437395
0.437433
0.437478
0.437505
0.437544
0.43759
0.437595
0.43758
0.437604
0.437667
0.437699
0.437696
0.43775
0.437771
0.43782
0.437887
0.437884
0.437868
0.437859
0.437855
0.437846
0.437808
0.437799
0.437875
0.437866
0.437921
0.437937
0.437955
0.437968
0.437952
0.437992
0.43797
0.437948
0.437938
0.437896
0.437922
0.437942
0.437887
0.437921
0.43796
0.437953
0.437968
0.438044
0.438049
0.43812
0.438156
0.438149
0.438215
0.438224
0.438203
0.438255
0.438287
0.438405
0.438468
0.43852
0.438547
0.438603
0.438639
0.438644
0.438641
0.438682
0.438708
0.438689
0.438679
0.438669
0.438639
0.438659
0.438676
0.438691
0.438689
0.438698
0.438707
0.438699
0.438738
0.438721
0.438751
0.438772
0.438805
0.438814
0.438841
0.438897
0.438874
0.438914
0.438927
0.438968
0.438999
0.439012
0.43905
0.439089
0.439107
0.439149
0.439171
0.43918
0.439215
0.439242
0.43927
0.439299
0.439273
0.43929
0.439329
0.439359
0.439352
0.439341
0.439378
0.439387
0.439408
0.439433
0.439432
0.439411
0.439432
0.439449
0.439454
0.439518
0.439482
0.439532
0.439528
0.439499
0.439499
0.43951
0.439493
0.439503
0.439515
0.439582
0.439583
0.439622
0.439605
0.439562
0.439567
0.439553
0.439552
0.43957
0.439557
0.439564
0.439588
0.439604
0.439591
0.439588
0.439596
0.439555
0.43959
0.439601
0.439611
0.439618
