0.834416
0.807339
0.776089
0.771756
0.749237
0.727226
0.705111
0.685376
0.67107
0.649832
0.640292
0.631946
0.62363
0.612423
0.606023
0.599953
0.59618
0.589239
0.583615
0.576829
0.57126
0.566077
0.560931
0.554477
0.549229
0.544695
0.539128
0.533138
0.52944
0.524984
0.519473
0.514959
0.511295
0.506993
0.502977
0.5
0.495558
0.493119
0.489999
0.486955
0.485224
0.483123
0.480212
0.478588
0.475428
0.473819
0.471181
0.468289
0.466243
0.465041
0.46284
0.460554
0.458424
0.456886
0.454885
0.452462
0.449963
0.448959
0.447168
0.445345
0.444337
0.442619
0.441398
0.439541
0.438307
0.437068
0.436687
0.434936
0.433141
0.432515
0.431553
0.431162
0.429997
0.428678
0.428128
0.427299
0.42561
0.424184
0.423921
0.422187
0.420588
0.419007
0.417823
0.417213
0.416313
0.414853
0.413858
0.413116
0.412512
0.411961
0.411336
0.409864
0.409238
0.408602
0.407744
0.40703
0.406727
0.406248
0.405927
0.405472
0.403995
0.403545
0.403258
0.402713
0.401673
0.401085
0.40113
0.400662
0.400413
0.399706
0.399094
0.398355
0.398071
0.39759
0.397156
0.396989
0.396341
0.395868
0.395316
0.39483
0.393957
0.393557
0.393055
0.392666
0.391935
0.391565
0.391177
0.391219
0.390551
0.390201
0.389642
0.389347
0.388769
0.388076
0.387612
0.387226
0.387003
0.386493
0.386438
0.385939
0.385348
0.385286
0.385099
0.384766
0.384509
0.384739
0.384649
0.384447
0.384129
0.383854
0.383381
0.383556
0.383148
0.383033
0.382728
0.382282
0.381684
0.381404
0.381007
0.380748
0.380681
0.380543
0.380522
0.380582
0.380258
0.380058
0.379822
0.379429
0.378847
0.378606
0.378287
0.378172
0.378263
0.378166
0.377771
0.377227
0.377088
0.376592
0.375929
0.375704
0.375375
0.375135
0.375037
0.37511
0.375012
0.375261
0.374932
0.375258
0.375016
0.375429
0.375102
0.374829
0.374512
0.374202
0.37376
0.373719
0.373855
0.373509
0.373478
0.373387
0.373174
0.372908
0.373044
0.372988
0.372682
0.37267
0.37275
0.372637
0.372709
0.372373
0.371766
0.371413
0.371212
0.371174
0.371073
0.370984
0.370981
0.370748
0.37052
0.370327
0.370481
0.370514
0.370623
0.370649
0.370623
0.370264
0.37015
0.369966
0.369821
0.369671
0.369559
0.369444
0.369433
0.369433
0.369583
0.369522
0.36931
0.369352
0.369275
0.36946
0.369478
0.369294
0.369184
0.369116
0.36875
0.368866
0.369137
0.369037
0.368704
0.368418
0.368441
0.368249
0.368195
0.368132
0.368033
0.36807
0.36788
0.367942
0.367951
0.368164
0.367785
0.367892
0.367862
0.367648
0.367427
0.367522
0.367416
0.367456
0.367411
0.367429
0.367217
0.367336
0.367361
0.367389
0.367263
0.367092
0.366739
0.366662
0.36641
0.366538
0.366468
0.366307
0.366528
0.366522
0.366433
0.366145
0.3662
0.36608
0.365962
0.365915
0.365955
0.365864
0.365897
0.365695
0.365685
0.365455
0.365521
0.36545
0.365433
0.365292
0.365377
0.365263
0.365291
0.365357
0.365305
0.365229
0.365152
0.365141
0.365183
0.36501
0.364943
0.364739
0.364808
0.364756
0.364625
0.364802
0.364632
0.364676
0.364605
0.364643
0.364682
0.364705
0.364836
0.364853
0.364931
0.365003
0.365232
0.36515
0.365169
0.365162
0.365028
0.364991
0.364918
0.365023
0.365163
0.365148
0.364986
0.36489
0.364906
0.364893
0.36486
0.364813
0.364802
0.364711
0.364559
0.364509
0.364431
0.3643
0.364286
0.36431
0.364401
0.364548
0.3646
0.364542
0.364442
0.364375
0.364336
0.364295
0.364134
0.364017
0.363904
0.363831
0.363653
0.363669
0.363705
0.36372
0.363725
0.36363
0.363601
0.363564
0.363579
0.363453
0.363174
0.363226
0.363145
0.363084
0.363209
0.363128
0.363171
0.363308
0.363275
0.363378
0.363318
0.3632
0.363283
0.363239
0.363146
0.363157
0.363052
0.363011
0.362841
0.362881
0.362843
0.362652
0.362607
0.362567
0.362741
0.362914
0.362962
0.362879
0.36289
0.363012
0.363006
0.36303
0.363005
0.362986
0.363037
0.36289
0.362759
0.362702
0.362665
0.362637
0.362682
0.362581
0.362547
0.362409
0.362666
0.362508
0.362557
0.362415
0.362472
0.362371
0.362257
0.362271
0.362458
0.362413
0.362355
0.362236
0.362372
0.362353
0.362342
0.362304
0.362407
0.362436
0.362413
0.362378
0.362414
0.362417
0.362719
0.362847
0.362817
0.362821
0.362778
0.362847
0.362825
0.362773
0.362751
0.362909
0.362775
0.362668
0.362715
0.362768
0.362839
0.362866
0.362782
0.362955
0.363024
0.363101
0.36306
0.363049
0.363053
0.362923
0.362892
0.362855
0.362836
0.363042
0.36324
0.363265
0.363216
0.363117
0.363185
0.363248
0.363379
0.363458
0.36348
0.36364
0.363634
0.363638
0.36378
0.363743
0.363749
0.363891
0.363945
0.363894
0.363881
0.36382
0.363847
0.363791
0.363731
0.363717
0.363885
0.363771
0.363817
0.36383
0.363734
0.363743
0.363787
0.363699
0.363715
0.363636
0.363649
0.363695
0.363646
0.363599
0.363493
0.363538
0.363498
0.363422
0.363427
0.363552
0.363463
0.363502
0.363566
0.363456
0.363508
0.363457
0.363443
0.363551
0.363566
0.363683
0.363636
0.363664
0.363649
0.36363
0.363701
0.363574
0.363538
0.36341
0.363453
0.36338
0.363308
0.363348
0.363365
0.363348
0.363304
0.363407
0.363462
0.363529
0.363571
0.363501
0.363509
0.363398
0.363413
0.363472
0.363475
0.36344
0.363519
0.363551
0.363542
0.36359
0.363486
0.363503
0.363481
0.36353
0.363483
0.363451
0.363581
0.363723
0.363775
0.363797
0.363759
0.363715
0.363753
0.363703
0.363735
0.363771
0.363806
0.363876
0.363879
0.363876
0.363931
0.364039
0.363988
0.364079
0.364138
0.364258
0.364416
0.364443
0.364495
0.364552
0.364551
0.364534
0.364612
0.364607
0.364643
0.364621
0.36477
0.364896
0.36485
0.364936
0.365039
0.36515
0.365101
0.365132
0.365065
0.36507
0.365049
0.365116
0.365115
0.365104
0.365155
0.365147
0.365084
0.365105
0.365082
0.365099
0.365123
0.365166
0.365138
0.365176
0.365116
0.365147
0.365018
0.36506
0.365141
0.365158
0.365127
0.365156
0.365121
0.365149
0.365126
0.365151
0.365171
0.3651
0.365175
0.36518
0.365227
0.365225
0.365269
0.365276
0.365297
0.365334
0.365459
0.365497
0.365492
0.365646
0.365637
0.365549
0.365568
0.365616
0.365701
0.365618
0.365541
0.365519
0.365631
0.365604
0.365562
0.365631
0.365608
0.365586
0.365586
0.365636
0.365681
0.365666
0.365613
0.365667
0.365563
0.36553
0.365687
0.365659
0.365647
0.365554
0.365636
0.365568
0.36554
0.365521
0.365485
0.365568
0.365493
0.365552
0.365531
0.365546
0.365472
0.365558
0.365589
0.365656
0.365577
0.365574
0.365616
0.365751
0.365734
0.365746
0.365812
0.365768
0.365744
0.365758
0.365744
0.365752
0.365698
0.365604
0.365572
0.36557
0.365594
0.36558
0.365517
0.365585
0.365564
0.365622
0.365537
0.365501
0.36552
0.365532
0.365515
0.365461
0.365535
0.365615
0.365637
0.36568
0.365805
0.365908
0.366003
0.365967
0.366039
0.366039
0.365957
0.36593
0.365992
0.365991
0.36611
0.36614
0.366156
0.366104
0.366122
0.366141
0.366144
0.366236
0.366239
0.366195
0.366261
0.366261
0.366311
0.366204
0.366254
0.366159
0.366204
0.366253
0.366323
0.366234
0.366248
0.366291
0.366449
0.366463
0.366459
0.366466
0.366457
0.36643
0.366469
0.366483
0.366606
0.366701
0.36668
0.366657
0.366781
0.366772
0.366661
0.366648
0.366727
0.366732
0.366752
0.366747
0.366798
0.366745
0.366712
0.366802
0.366822
0.36684
0.366863
0.366872
0.366947
0.36696
0.366924
0.366962
0.366992
0.367073
0.367123
0.367157
0.367174
0.367151
0.367147
0.367207
0.367246
0.367262
0.367267
0.367249
0.367242
0.367171
0.367229
0.367304
0.367328
0.367358
0.36736
0.367455
0.367424
0.367395
0.36735
0.367368
0.367397
0.36744
0.367309
0.36733
0.367329
0.367371
0.367419
0.367496
0.36752
0.367462
0.367502
0.367508
0.367434
0.367453
0.367446
0.367601
0.367559
0.367637
0.367711
0.367685
0.367627
0.367715
0.36762
0.367644
0.367734
0.367735
0.367792
0.367737
0.367712
0.36776
0.367824
0.367859
0.367934
0.367939
0.367981
0.367998
0.36794
0.367963
0.367913
0.367898
0.367854
0.367805
0.367757
0.367796
0.367791
0.367792
0.367713
0.367733
0.367779
0.367712
0.367746
0.367789
0.367786
0.367791
0.367753
0.367687
0.367719
0.367749
0.36783
0.367855
0.367857
0.367968
0.368025
0.368071
0.368083
0.367999
0.368024
0.368073
0.368145
0.368199
0.368155
0.368175
0.368259
0.36824
0.368227
0.368284
0.368333
0.368381
0.368409
0.368359
0.368343
0.368411
0.36843
0.368364
0.368381
0.368449
0.368448
0.368533
0.36857
0.368549
0.36854
0.368551
0.368605
0.368662
0.368706
0.368727
0.36873
0.368693
0.368677
0.36868
0.368639
0.368616
0.368601
0.368686
0.368691
0.368757
0.368759
0.368813
0.36881
0.368851
0.368879
0.368895
0.368855
0.368888
0.368951
0.368911
0.368921
0.368943
0.369029
0.369021
0.369071
0.369075
0.369082
0.369031
0.369039
0.369057
0.369138
0.369166
0.369183
0.369137
0.369097
0.369065
0.369038
0.36905
0.369041
0.36904
0.369093
0.369105
0.369137
0.369152
0.369163
0.369146
0.369166
0.369168
0.36927
0.369281
0.369193
0.369279
0.369177
0.369139
0.369116
0.369132
0.369142
0.369126
0.369192
0.369213
0.369228
0.369236
0.369187
0.369227
0.369161
0.369207
0.369287
0.369303
0.369306
0.369357
0.369337
0.36939
0.369459
0.369474
0.369479
0.369456
0.369475
0.369438
0.369445
0.369492
0.369509
0.369479
0.369458
0.369462
0.369396
0.369462
0.369544
0.369534
0.369592
0.369653
0.369665
0.369689
0.36971
0.369719
0.369658
0.369687
0.369661
0.369621
0.369632
0.369701
0.369747
0.369766
0.369774
0.36979
0.369822
0.369804
0.369837
