0.57197
0.538756
0.538462
0.540448
0.545384
0.54386
0.546827
0.54741
0.553339
0.553116
0.552585
0.55291
0.548815
0.548041
0.54621
0.545687
0.544134
0.544491
0.544284
0.542123
0.541555
0.54155
0.542638
0.544028
0.545384
0.54509
0.545377
0.545511
0.54443
0.543162
0.543184
0.542679
0.541256
0.540812
0.540584
0.540191
0.540769
0.541522
0.541546
0.540797
0.540311
0.540178
0.540471
0.53971
0.53972
0.539971
0.539368
0.539506
0.538468
0.538232
0.53891
0.538666
0.538584
0.537757
0.536968
0.536494
0.536151
0.535524
0.53546
0.535202
0.535759
0.53497
0.534639
0.534236
0.533908
0.534011
0.53366
0.532996
0.53295
0.532527
0.532653
0.532214
0.531873
0.531711
0.531575
0.530977
0.530666
0.53037
0.530348
0.530338
0.530273
0.530044
0.530116
0.5295
0.529648
0.529551
0.529644
0.529492
0.529277
0.529049
0.528623
0.5282
0.527894
0.52729
0.526712
0.525759
0.52503
0.524825
0.525199
0.524817
0.52495
0.524882
0.524967
0.524775
0.524375
0.524369
0.524408
0.52435
0.523927
0.523444
0.523307
0.523051
0.523061
0.522705
0.522524
0.522266
0.522076
0.522227
0.522235
0.521792
0.521828
0.521932
0.521876
0.52193
0.522062
0.52225
0.522122
0.522189
0.521932
0.52218
0.522142
0.521906
0.521877
0.521769
0.521357
0.521383
0.521319
0.521117
0.521183
0.520851
0.520753
0.520548
0.520468
0.520309
0.520176
0.519941
0.520015
0.519743
0.519782
0.520302
0.51999
0.519773
0.519641
0.519528
0.519481
0.519381
0.519558
0.519412
0.519309
0.519403
0.519635
0.51979
0.519805
0.519709
0.519413
0.51925
0.519329
0.519199
0.519205
0.519491
0.519749
0.519886
0.519841
0.519825
0.519877
0.519916
0.519908
0.519925
0.519825
0.520132
0.520056
0.520092
0.519958
0.520126
0.520175
0.520114
0.520074
0.520008
0.519936
0.519966
0.520053
0.519982
0.520279
0.520385
0.520545
0.52085
0.520973
0.521048
0.52111
0.521294
0.52108
0.521128
0.5211
0.521155
0.521328
0.521212
0.521081
0.521083
0.52092
0.520817
0.520724
0.520613
0.520502
0.520391
0.520419
0.520393
0.520295
0.52021
0.520349
0.520375
0.520188
0.520238
0.520233
0.520068
0.519797
0.519763
0.51969
0.519588
0.519593
0.519332
0.519364
0.519321
0.519326
0.519212
0.519092
0.519169
0.51899
0.51896
0.518922
0.519084
0.519164
0.519165
0.519083
0.518974
0.519159
0.519238
0.519181
0.519169
0.519148
0.519213
0.519239
0.519278
0.519243
0.519045
0.518939
0.519047
0.519037
0.518924
0.519042
0.519053
0.51902
0.518946
0.518838
0.51867
0.518566
0.518447
0.518261
0.518133
0.518013
0.51793
0.518012
0.518032
0.517924
0.518097
0.518095
0.518025
0.518054
0.518208
0.518312
0.518183
0.518162
0.518228
0.518396
0.518368
0.518165
0.518173
0.518142
0.518087
0.51802
0.517856
0.517792
0.517763
0.517631
0.517663
0.517539
0.517604
0.517693
0.517532
0.517402
0.517307
0.517169
0.517108
0.517062
0.516889
0.516779
0.51688
0.516873
0.516897
0.51672
0.516847
0.516773
0.516824
0.516786
0.516718
0.516688
0.516737
0.516744
0.516718
0.516685
0.51675
0.516774
0.516793
0.516785
0.516635
0.516523
0.516464
0.516378
0.516516
0.516499
0.516498
0.516474
0.516453
0.516298
0.516291
0.516338
0.516395
0.516509
0.516471
0.516425
0.516415
0.51641
0.51653
0.51655
0.516592
0.516574
0.516599
0.516526
0.516462
0.516501
0.516517
0.516537
0.516667
0.5167
0.516655
0.516613
0.516514
0.516447
0.516443
0.516352
0.516293
0.51634
0.516366
0.51632
0.516352
0.516325
0.516249
0.516205
0.516244
0.516235
0.51622
0.516273
0.51637
0.516394
0.516441
0.516438
0.516552
0.516574
0.516495
0.516585
0.516745
0.516777
0.516788
0.516751
0.516753
0.51668
0.516667
0.516665
0.51664
0.516687
0.516702
0.516696
0.51673
0.516692
0.51668
0.516667
0.516682
0.516544
0.516484
0.51641
0.516366
0.516336
0.516383
0.51633
0.516309
0.516239
0.516295
0.516216
0.516179
0.516151
0.516085
0.516067
0.515959
0.515792
0.515787
0.515721
0.515733
0.515741
0.515657
0.515555
0.515445
0.515425
0.515395
0.515457
0.515452
0.515491
0.515579
0.515586
0.515614
0.515667
0.515707
0.515742
0.51571
0.515763
0.51581
0.515782
0.515767
0.515776
0.515779
0.515826
0.515798
0.515756
0.515683
0.515689
0.515703
0.515719
0.515714
0.515743
0.515751
0.515724
0.515647
0.515621
0.515672
0.515674
0.515643
0.515709
0.515691
0.515669
0.515701
0.51569
0.515666
0.515639
0.515571
0.515577
0.515617
0.515574
0.515518
0.515483
0.515433
0.515379
0.515466
0.515545
0.515594
0.515596
0.515678
0.515668
0.515667
0.515612
0.515615
0.515618
0.515537
0.515528
0.515615
0.515653
0.515621
0.515681
0.51573
0.51573
0.51562
0.515691
0.515696
0.51569
0.515719
0.515741
0.515639
0.515557
0.515479
0.515427
0.51541
0.515273
0.515246
0.51531
0.515328
0.515262
0.515261
0.51527
0.515287
0.515288
0.515268
0.515315
0.515356
0.515375
0.515345
0.515342
0.515352
0.515414
0.515455
0.515425
0.515454
0.515448
0.515386
0.515353
0.515394
0.515402
0.515407
0.5154
0.515417
0.515401
0.515422
0.515414
0.515333
0.515312
0.515214
0.515227
0.515233
0.515254
0.515198
0.515148
0.515155
0.515119
0.51507
0.515028
0.514948
0.514929
0.514903
0.514847
0.514854
0.514782
0.514776
0.5147
0.51465
0.514622
0.514618
0.514628
0.514586
0.51464
0.51466
0.514704
0.514695
0.514745
0.514722
0.514722
0.514754
0.514693
0.514692
0.514606
0.514652
0.514624
0.514583
0.514556
0.51453
0.514413
0.51438
0.51437
0.514298
0.514314
0.514344
0.514347
0.514335
0.514284
0.514209
0.51427
0.514251
0.514261
0.514262
0.514263
0.514347
0.514327
0.51435
0.514287
0.514295
0.514187
0.514146
0.514143
0.514134
0.514198
0.514153
0.514152
0.514063
0.514064
0.514118
0.514092
0.514045
0.514039
0.514008
0.514011
0.513959
0.513977
0.513956
0.513924
0.513891
0.513888
0.513853
0.513874
0.513875
0.513913
0.51389
0.513812
0.513796
0.513804
0.513777
0.513741
0.513722
0.513745
0.513727
0.513778
0.513723
0.513719
0.513728
0.513723
0.513664
0.513619
0.513587
0.513526
0.513492
0.513475
0.513394
0.51336
0.513299
0.513277
0.513341
0.513345
0.513379
0.513398
0.513435
0.513461
0.513422
0.513444
0.513449
0.513442
0.513471
0.513434
0.513383
0.51337
0.513365
0.51334
0.513401
0.513405
0.513452
0.513525
0.513559
0.513552
0.513589
0.513557
0.513549
0.513553
0.513575
0.513558
0.513555
0.513559
0.513534
0.513538
0.513469
0.513447
0.513421
0.513452
0.513412
0.513351
0.513382
0.513413
0.513458
0.513508
0.513495
0.513455
0.51348
0.513451
0.513344
0.513295
0.5133
0.513251
0.513193
0.513169
0.513154
0.51312
0.513172
0.513171
0.513223
0.513291
0.513318
0.513285
0.513298
0.51327
0.513248
0.513241
0.513255
0.51327
0.513288
0.513267
0.513279
0.513264
0.513286
0.513331
0.513316
0.513284
0.513232
0.513254
0.513336
0.513379
0.513425
0.513434
0.513439
0.513466
0.513486
0.513463
0.513459
0.51344
0.5134
0.513376
0.51339
0.51336
0.51335
0.513355
0.513296
0.513324
0.513301
0.513311
0.513315
0.513288
0.513303
0.513325
0.513298
0.513334
0.513293
0.513225
0.513192
0.513093
0.513055
0.513026
0.512997
0.512995
0.512908
0.512895
0.51284
0.512862
0.512838
0.512812
0.51281
0.5128
0.51286
0.512904
0.512912
0.512879
0.512814
0.512845
0.512854
0.512879
0.512843
0.512916
0.5129
0.51292
0.512975
0.512981
0.512966
0.51293
0.512948
0.512935
0.512898
0.512857
0.512889
0.512845
0.512807
0.512845
0.512861
0.512861
0.512846
0.512913
0.512887
0.512861
0.512892
0.512904
0.512943
0.512955
0.512977
0.512961
0.512993
0.51306
0.513059
0.513051
0.513022
0.513042
0.513089
0.51307
0.513086
0.513111
0.513104
0.513103
0.513059
0.513103
0.513095
0.513093
0.513094
0.513117
0.513098
0.513069
0.513093
0.513113
0.513083
0.513054
0.5131
0.513113
0.51311
0.513069
0.513057
0.513088
0.513123
0.513125
0.513132
0.513149
0.513137
0.513089
0.513135
0.513172
0.513121
0.513109
0.513107
0.513099
0.513132
0.513176
0.513184
0.513179
0.513163
0.513173
0.513154
0.513121
0.51309
0.513015
0.513038
0.513046
0.513028
0.513051
0.513038
0.51308
0.513131
0.5131
0.513096
0.513141
0.513144
0.513128
0.513133
0.513116
0.51309
0.513081
0.513115
0.513156
0.513189
0.513137
0.513126
0.513095
0.513082
0.513036
0.513027
0.513034
0.513012
0.512989
0.513028
0.513023
0.513036
0.513052
0.513009
0.512996
0.512977
0.512984
0.513
0.513024
0.513051
0.513035
0.513036
0.512966
0.512902
0.512919
0.512925
0.513018
0.513011
0.512986
0.512994
0.513012
0.51302
0.513044
0.513062
0.513082
0.51306
0.513067
0.513054
0.513088
0.513136
0.513131
0.513109
0.513069
0.51306
0.513034
0.513035
0.513047
0.513031
0.513038
0.513053
0.513019
0.513027
0.513007
0.513009
0.512989
0.512944
0.512955
0.512952
0.512912
0.512892
0.512888
0.512872
0.512846
0.512805
0.512752
0.512717
0.512719
0.512733
0.512714
0.512744
0.512717
0.512728
0.512717
0.512681
0.512672
0.512695
0.51271
0.512727
0.512738
0.512745
0.512771
0.512784
0.512707
0.512697
0.512705
0.512662
0.51266
0.512694
0.512725
0.512679
0.512621
0.512577
0.512552
0.512504
0.51248
0.512439
0.512437
0.512408
0.512384
0.512427
0.512416
0.512402
0.512402
0.512422
0.512434
0.512433
0.512445
0.512472
0.51252
0.51253
0.512513
0.512522
0.512546
0.512533
0.512561
0.512579
0.51261
0.512627
0.51262
0.512583
0.512585
0.51259
0.512557
0.512518
0.512481
