0.807339
0.816794
0.805221
0.77728
0.765906
0.743
0.717818
0.704862
0.689194
0.677925
0.669054
0.657866
0.649501
0.63707
0.630246
0.625
0.617621
0.608005
0.60101
0.593604
0.587979
0.582215
0.579174
0.574472
0.568645
0.563837
0.557621
0.552068
0.547816
0.54276
0.536833
0.532634
0.527986
0.523997
0.520275
0.517339
0.514477
0.510183
0.507069
0.504391
0.500303
0.496732
0.494694
0.491055
0.488959
0.486331
0.484937
0.481818
0.480114
0.47759
0.475885
0.474244
0.471676
0.4691
0.466552
0.46498
0.464475
0.4636
0.46232
0.460475
0.4599
0.458445
0.456496
0.454837
0.454092
0.452326
0.451764
0.450204
0.448453
0.447042
0.445796
0.44469
0.443
0.441826
0.440623
0.439852
0.439626
0.438776
0.438257
0.436995
0.435307
0.434792
0.433741
0.432745
0.431708
0.430921
0.430223
0.42974
0.428991
0.427561
0.426507
0.425604
0.424624
0.423924
0.423265
0.422454
0.421791
0.420809
0.419987
0.41993
0.419987
0.420001
0.419961
0.419308
0.418788
0.417799
0.416685
0.416578
0.416336
0.415906
0.415795
0.414894
0.414523
0.414165
0.413274
0.412973
0.412447
0.411941
0.411372
0.410797
0.410085
0.40976
0.409336
0.409274
0.408628
0.408405
0.407723
0.407635
0.407412
0.406435
0.405936
0.405487
0.404939
0.404229
0.403774
0.403103
0.402938
0.402654
0.40234
0.401845
0.40166
0.401822
0.401548
0.401186
0.400829
0.400161
0.399816
0.399131
0.399058
0.39878
0.398452
0.398493
0.398487
0.398081
0.3981
0.398037
0.397792
0.397496
0.397266
0.397228
0.396779
0.39649
0.396094
0.396207
0.396256
0.396058
0.396001
0.395997
0.395868
0.395862
0.395678
0.395242
0.39493
0.394782
0.394456
0.394279
0.39435
0.394427
0.394494
0.394156
0.394037
0.394171
0.394005
0.393747
0.393707
0.39376
0.393727
0.393646
0.393324
0.393333
0.393492
0.393322
0.393037
0.39314
0.393167
0.393049
0.392941
0.393057
0.392915
0.392799
0.392393
0.392314
0.391965
0.391803
0.391923
0.391838
0.391578
0.391419
0.391259
0.391292
0.391318
0.39141
0.391171
0.390896
0.390998
0.390908
0.391046
0.390853
0.390651
0.390233
0.389897
0.389871
0.389837
0.389641
0.389548
0.389572
0.389373
0.389558
0.389385
0.389298
0.389127
0.388921
0.38886
0.388665
0.388669
0.388585
0.388472
0.388467
0.388371
0.388446
0.388351
0.388331
0.388257
0.3883
0.388478
0.388372
0.388466
0.38807
0.38785
0.388048
0.388282
0.388458
0.388095
0.388066
0.387875
0.387937
0.387916
0.387872
0.387746
0.387799
0.387627
0.387793
0.387821
0.388069
0.388122
0.388114
0.388014
0.388065
0.387885
0.38782
0.387703
0.387765
0.387731
0.387751
0.387901
0.38794
0.387716
0.387708
0.387534
0.387484
0.387379
0.387425
0.387449
0.387749
0.387842
0.387838
0.387885
0.38784
0.387647
0.387599
0.387502
0.387394
0.387131
0.387087
0.387024
0.387271
0.387247
0.387305
0.387247
0.387222
0.387
0.387021
0.387117
0.387363
0.387341
0.387596
0.387668
0.387632
0.387824
0.387895
0.387922
0.387816
0.387993
0.388153
0.388294
0.388296
0.388533
0.388639
0.388428
0.388351
0.388439
0.388304
0.388133
0.38828
0.388413
0.388381
0.38858
0.388393
0.38845
0.388519
0.388527
0.388498
0.388523
0.388581
0.388411
0.388381
0.38857
0.388445
0.388512
0.388339
0.388179
0.388172
0.388103
0.38812
0.388072
0.387925
0.387842
0.387743
0.387651
0.387572
0.387877
0.387781
0.387744
0.387571
0.387389
0.387259
0.387055
0.387082
0.38711
0.386956
0.387022
0.387045
0.386801
0.386752
0.386614
0.38665
0.386404
0.386424
0.386489
0.386512
0.386655
0.38658
0.386482
0.386557
0.386691
0.386598
0.386561
0.386715
0.386702
0.38666
0.386533
0.386706
0.386637
0.386598
0.386588
0.386703
0.38657
0.386613
0.386522
0.386494
0.386446
0.386486
0.386491
0.38642
0.386552
0.386472
0.386504
0.386862
0.386699
0.386835
0.386781
0.386934
0.387315
0.387291
0.387377
0.387328
0.387398
0.387551
0.387621
0.387786
0.387766
0.387676
0.387792
0.387674
0.387698
0.387721
0.387822
0.387824
0.387845
0.38786
0.387821
0.387661
0.38758
0.387535
0.38764
0.387656
0.387687
0.387796
0.3879
0.388014
0.38801
0.388047
0.388031
0.388123
0.388097
0.388303
0.38819
0.388339
0.388202
0.388292
0.388388
0.388475
0.388588
0.388443
0.388462
0.388441
0.388347
0.388418
0.388288
0.388437
0.388464
0.388494
0.38854
0.388718
0.388807
0.388799
0.388668
0.388602
0.388708
0.388653
0.388505
0.38849
0.388514
0.388479
0.38863
0.388681
0.388686
0.388846
0.388961
0.388878
0.388931
0.388954
0.38893
0.388889
0.388835
0.388965
0.38884
0.38884
0.388773
0.388862
0.388902
0.38888
0.388763
0.388853
0.388789
0.388911
0.389043
0.389181
0.389263
0.38919
0.389386
0.389331
0.389385
0.389452
0.389452
0.389454
0.38943
0.389575
0.389597
0.389591
0.389509
0.389602
0.389655
0.389602
0.389637
0.389686
0.389693
0.389705
0.389582
0.389565
0.389534
0.389446
0.389327
0.38928
0.389256
0.389405
0.389427
0.389517
0.389598
0.389609
0.389517
0.389568
0.389653
0.389807
0.389826
0.389912
0.389888
0.38976
0.389804
0.389813
0.389964
0.390007
0.389975
0.389968
0.390028
0.389972
0.390057
0.39008
0.390084
0.390046
0.390027
0.38995
0.389852
0.389868
0.389823
0.389841
0.389777
0.389714
0.38964
0.389663
0.389721
0.389824
0.389744
0.389717
0.389695
0.389676
0.389685
0.389679
0.389757
0.389734
0.389608
0.389661
0.389633
0.389643
0.389666
0.389744
0.389878
0.38972
0.389611
0.389536
0.389614
0.389674
0.389647
0.389681
0.389755
0.389753
0.389655
0.389692
0.389763
0.38976
0.389807
0.389917
0.389901
0.389776
0.389798
0.389807
0.389851
0.389846
0.389823
0.389835
0.389832
0.389859
0.390042
0.390175
0.390127
0.390184
0.390156
0.390385
0.39036
0.390344
0.390463
0.390431
0.390463
0.390439
0.390477
0.390489
0.390536
0.390419
0.390467
0.390498
0.390505
0.390454
0.390448
0.390535
0.390593
0.390469
0.390495
0.390519
0.390659
0.390697
0.390747
0.3908
0.390893
0.390702
0.390677
0.390782
0.390802
0.39071
0.390686
0.390702
0.390743
0.39082
0.390751
0.390769
0.390767
0.390824
0.390909
0.391016
0.391083
0.391146
0.391153
0.391177
0.391165
0.39128
0.391441
0.391427
0.391486
0.391617
0.39164
0.391726
0.391693
0.391743
0.391736
0.39177
0.391839
0.391847
0.391888
0.391977
0.392015
0.39204
0.392104
0.392123
0.392183
0.3922
0.392343
0.392351
0.392379
0.39241
0.392482
0.392521
0.392489
0.392576
0.392557
0.392655
0.392613
0.392624
0.392673
0.392742
0.392772
0.392846
0.392893
0.392893
0.393037
0.393063
0.393021
0.393045
0.393139
0.393138
0.393257
0.393305
0.393397
0.393387
0.393365
0.393378
0.393459
0.393443
0.393523
0.393568
0.393617
0.393693
0.393781
0.393765
0.393767
0.393855
0.39384
0.393873
0.393954
0.394031
0.394091
0.394098
0.394088
0.394065
0.394085
0.394066
0.394086
0.394086
0.394125
0.394063
0.394161
0.394124
0.394151
0.394209
0.394213
0.394305
0.394362
0.39432
0.394331
0.394427
0.394453
0.394474
0.394473
0.394424
0.394385
0.394404
0.394443
0.39443
0.394448
0.394535
0.394532
0.394591
0.394673
0.394595
0.394676
0.3947
0.394712
0.394646
0.394728
0.394799
0.394923
0.394947
0.395
0.395081
0.395206
0.395302
0.395438
0.395482
0.395497
0.395487
0.395478
0.395463
0.395494
0.395572
0.395619
0.39558
0.395615
0.395589
0.39562
0.395644
0.395654
0.3956
0.395635
0.395606
0.395624
0.395679
0.395765
0.395736
0.395764
0.395841
0.395859
0.395856
0.395882
0.395962
0.395952
0.395977
0.395982
0.395922
0.39595
0.395915
0.395871
0.395892
0.395868
0.395864
0.395976
0.39609
0.39614
0.396143
0.396134
0.396179
0.396219
0.39623
0.396238
0.396254
0.396252
0.396292
0.396296
0.396257
0.396197
0.396276
0.396286
0.396311
0.396296
0.396254
0.396343
0.396412
0.396508
0.396542
0.396508
0.396445
0.396441
0.396438
0.396475
0.396489
0.39657
0.396552
0.396622
0.396611
0.396597
0.396605
0.396657
0.396738
0.39681
0.3968
0.396778
0.396759
0.396828
0.3968
0.396806
0.396829
0.396794
0.396742
0.396736
0.396731
0.396776
0.396803
0.396836
0.396888
0.396909
0.397013
0.397082
0.397116
0.397102
0.397155
0.397136
0.397132
0.397157
0.39712
0.397184
0.397226
0.397242
0.397262
0.397266
0.397248
0.397332
0.397395
0.397414
0.397436
0.39742
0.397409
0.397478
0.397494
0.397521
0.39757
0.39765
0.397683
0.397739
0.397725
0.397733
0.397767
0.397677
0.397669
0.397632
0.397689
0.397732
0.397741
0.39776
0.397768
0.397827
0.397823
0.397825
0.397929
0.397962
0.397947
0.397921
0.397957
0.39802
0.398054
0.398096
0.398093
0.398202
0.398208
0.398183
0.398241
0.398338
0.39835
0.398357
0.398361
0.398387
0.398429
0.398492
0.398523
0.39851
0.398528
0.398559
0.398495
0.398437
0.398406
0.398453
0.398409
0.39848
0.398545
0.39856
0.398591
0.398668
0.398641
0.398641
0.398648
0.398704
0.398756
0.398762
0.398782
0.398732
0.398737
0.398704
0.398741
0.398775
0.398803
0.398828
0.398809
0.398853
0.398857
0.398923
0.398948
0.398924
0.398958
0.398905
0.398891
0.398887
0.398818
0.398835
0.398954
0.399
0.398963
0.398978
0.398937
0.398965
0.399042
0.399097
0.399099
0.399069
0.399083
0.399105
0.399105
0.399054
0.399076
0.399054
0.399027
0.399073
0.398949
0.39894
0.398993
0.399004
0.399032
0.399185
0.399218
0.399229
0.399188
0.399291
0.399315
0.399305
0.399361
0.399455
0.399467
0.399437
0.399439
0.399496
0.399531
0.399586
0.399647
0.399698
0.399699
0.399783
0.399841
0.399907
0.399946
0.399921
0.399975
0.400043
0.40009
0.400141
