0.900446
0.872862
0.870259
0.854621
0.841332
0.82825
0.812419
0.798392
0.787223
0.77678
0.768802
0.763392
0.757133
0.751327
0.744673
0.738406
0.731796
0.725835
0.71738
0.711368
0.705312
0.699042
0.693898
0.687602
0.681574
0.675843
0.67029
0.665093
0.660428
0.656531
0.650936
0.646419
0.642516
0.638203
0.634221
0.629292
0.624768
0.620083
0.617398
0.614698
0.611183
0.607556
0.604721
0.601717
0.598143
0.595546
0.592578
0.588814
0.585716
0.582414
0.579549
0.577215
0.573713
0.570533
0.567626
0.565176
0.563208
0.561753
0.560022
0.558197
0.556062
0.553931
0.551576
0.549295
0.547742
0.546223
0.544715
0.542588
0.54118
0.539681
0.537711
0.536693
0.534858
0.532936
0.530931
0.529261
0.528464
0.527938
0.526948
0.526005
0.525338
0.523775
0.522453
0.521548
0.520449
0.519578
0.518562
0.517206
0.516133
0.514824
0.514001
0.512558
0.512063
0.511228
0.510254
0.509182
0.508509
0.507437
0.50605
0.505082
0.504579
0.503668
0.502726
0.502148
0.501539
0.500981
0.500243
0.499477
0.498431
0.497705
0.496992
0.496096
0.49595
0.495153
0.494631
0.494309
0.494165
0.493596
0.493423
0.492583
0.492051
0.491666
0.491112
0.49043
0.490228
0.489812
0.489381
0.489123
0.488685
0.488507
0.487682
0.487477
0.487228
0.487021
0.486194
0.486196
0.485943
0.485519
0.48538
0.484969
0.484665
0.484036
0.483804
0.483448
0.483232
0.483111
0.482449
0.4821
0.48188
0.481556
0.481167
0.481012
0.480684
0.4805
0.480354
0.480458
0.480273
0.480006
0.479722
0.479523
0.479386
0.479323
0.478916
0.478199
0.477863
0.477656
0.477281
0.4769
0.476645
0.476459
0.476078
0.475839
0.475492
0.475158
0.474874
0.474552
0.474486
0.474417
0.474435
0.474209
0.474081
0.47427
0.473921
0.473554
0.473116
0.472737
0.47256
0.472262
0.471991
0.471612
0.471576
0.471159
0.471066
0.471002
0.471011
0.470887
0.470666
0.470732
0.470482
0.470406
0.470434
0.470007
0.469612
0.469581
0.469409
0.469198
0.469093
0.468806
0.468759
0.468487
0.468312
0.468423
0.468566
0.468508
0.468403
0.468293
0.468172
0.468033
0.46799
0.46817
0.468074
0.468094
0.467842
0.467567
0.467223
0.466934
0.466623
0.466402
0.466244
0.466334
0.466248
0.466059
0.465906
0.465687
0.465721
0.465467
0.465297
0.465296
0.465344
0.465246
0.465164
0.46503
0.464914
0.464883
0.464755
0.464662
0.464598
0.464464
0.464431
0.464247
0.464116
0.46405
0.464203
0.464062
0.463924
0.463911
0.46387
0.464012
0.463964
0.463903
0.463915
0.463817
0.463762
0.463939
0.463965
0.463929
0.463866
0.463921
0.463865
0.463783
0.463775
0.463607
0.46363
0.46329
0.463394
0.463342
0.46317
0.463156
0.463142
0.462866
0.462945
0.462778
0.462726
0.462692
0.462607
0.462622
0.462705
0.462682
0.462674
0.46273
0.46266
0.462661
0.462613
0.462618
0.462456
0.462417
0.462314
0.46234
0.462297
0.462109
0.461931
0.461952
0.461859
0.461935
0.462064
0.462013
0.462118
0.462313
0.46255
0.462499
0.462519
0.462501
0.462361
0.462303
0.462305
0.462444
0.462538
0.462608
0.462587
0.46246
0.462396
0.462522
0.462585
0.462734
0.46282
0.462833
0.462679
0.462496
0.462507
0.462531
0.46277
0.462672
0.462553
0.462642
0.462531
0.462478
0.462519
0.462315
0.462354
0.462357
0.462523
0.46249
0.462559
0.46261
0.462624
0.4625
0.462498
0.462573
0.462403
0.462272
0.462203
0.462235
0.462223
0.462164
0.462087
0.462099
0.462081
0.462151
0.462047
0.461975
0.462144
0.462109
0.462033
0.46194
0.461918
0.461834
0.461836
0.46188
0.461966
0.462032
0.46205
0.462056
0.461995
0.461967
0.462021
0.462054
0.461993
0.461998
0.461891
0.461911
0.461912
0.461955
0.461944
0.461922
0.461964
0.461955
0.46188
0.461904
0.461912
0.461853
0.461798
0.461669
0.461592
0.461642
0.461696
0.461657
0.461633
0.461597
0.461594
0.461455
0.46147
0.461647
0.461717
0.461665
0.461664
0.461581
0.46154
0.461568
0.461573
0.461604
0.461611
0.461628
0.461706
0.461663
0.461684
0.461702
0.461747
0.461671
0.461718
0.461805
0.461692
0.461695
0.461726
0.461633
0.461653
0.461551
0.461543
0.461616
0.461598
0.461559
0.461591
0.461664
0.46176
0.461927
0.461933
0.461897
0.461847
0.461877
0.461934
0.461904
0.461953
0.461905
0.461806
0.461825
0.461894
0.461876
0.461893
0.462036
0.462012
0.46199
0.461978
0.461909
0.462021
0.462007
0.462095
0.462093
0.462134
0.462049
0.462005
0.461893
0.461978
0.462081
0.462075
0.462039
0.461993
0.46187
0.461828
0.461873
0.461875
0.461889
0.46183
0.461933
0.461871
0.461904
0.462014
0.462033
0.462103
0.462174
0.462153
0.462259
0.462331
0.462435
0.462442
0.462456
0.462513
0.462502
0.462559
0.462545
0.462557
0.462567
0.462551
0.462537
0.462614
0.462614
0.462657
0.462716
0.462731
0.462836
0.462911
0.46299
0.463066
0.463062
0.463029
0.46301
0.463072
0.463109
0.463202
0.46327
0.463213
0.463143
0.463128
0.463147
0.463069
0.463077
0.463155
0.463086
0.463097
0.463174
0.463138
0.463142
0.46313
0.463158
0.463163
0.463178
0.463227
0.46327
0.463243
0.463206
0.463166
0.463231
0.463174
0.463191
0.463136
0.463147
0.463243
0.463159
0.463259
0.463301
0.463289
0.463288
0.463355
0.463429
0.46334
0.463307
0.463238
0.463272
0.463334
0.463293
0.463322
0.463365
0.463413
0.463372
0.463385
0.463383
0.463416
0.463366
0.46342
0.46347
0.463545
0.463604
0.463652
0.463666
0.46378
0.463791
0.463846
0.463907
0.463915
0.463894
0.463891
0.463887
0.463846
0.463804
0.46381
0.46383
0.463821
0.463833
0.463859
0.463832
0.463842
0.463804
0.46388
0.463794
0.463851
0.463859
0.463911
0.463863
0.463863
0.463797
0.46381
0.46387
0.463915
0.46395
0.464037
0.464114
0.464096
0.464144
0.464141
0.464149
0.464195
0.464285
0.46431
0.464244
0.464285
0.46433
0.464285
0.464349
0.464396
0.464447
0.464466
0.464388
0.464387
0.46444
0.464503
0.46457
0.464635
0.464638
0.464633
0.464639
0.464593
0.464641
0.464623
0.464594
0.464559
0.46467
0.464753
0.464676
0.464716
0.464771
0.46479
0.464893
0.464932
0.464907
0.464924
0.464947
0.464952
0.464969
0.464965
0.464916
0.464927
0.464923
0.464965
0.464876
0.464831
0.46479
0.464835
0.464877
0.464923
0.464987
0.464933
0.464986
0.465026
0.465053
0.465019
0.465091
0.465095
0.465133
0.465212
0.465193
0.465262
0.465276
0.465292
0.465333
0.465416
0.46547
0.465483
0.46548
0.465451
0.4655
0.465504
0.465583
0.465542
0.465526
0.465481
0.465464
0.465435
0.465462
0.465445
0.465446
0.465477
0.465455
0.465533
0.465677
0.465745
0.465776
0.465788
0.465743
0.465764
0.465755
0.46577
0.465798
0.465772
0.465728
0.465797
0.465837
0.465806
0.465919
0.465959
0.466008
0.466001
0.466
0.466036
0.466015
0.466035
0.466095
0.466114
0.466115
0.466158
0.466184
0.466164
0.466182
0.466217
0.466186
0.466171
0.466156
0.46617
0.466248
0.466207
0.466192
0.466284
0.46627
0.466332
0.466346
0.466385
0.466434
0.46645
0.466428
0.466501
0.46647
0.466475
0.466478
0.466505
0.466538
0.466548
0.466547
0.466582
0.466622
0.466679
0.466743
0.466699
0.466634
0.466588
0.466631
0.46662
0.466656
0.466697
0.466698
0.466722
0.466772
0.46683
0.466829
0.46692
0.466926
0.466984
0.467094
0.467128
0.467173
0.467239
0.467215
0.467223
0.467189
0.467254
0.467335
0.467353
0.467404
0.467423
0.467442
0.467494
0.46752
0.467519
0.467552
0.467541
0.467515
0.467602
0.467619
0.467616
0.4676
0.467653
0.467703
0.467663
0.467712
0.46783
0.467875
0.46792
0.467881
0.467923
0.468021
0.468005
0.467968
0.467976
0.467939
0.467945
0.467978
0.468058
0.468008
0.468024
0.467981
0.467985
0.467986
0.467976
0.468046
0.468058
0.468129
0.468136
0.46809
0.468108
0.468095
0.468162
0.468201
0.468156
0.468165
0.468184
0.46818
0.468203
0.468205
0.46826
0.468333
0.468403
0.46849
0.468502
0.468508
0.468483
0.468526
0.46857
0.468586
0.46863
0.468705
0.46872
0.468741
0.468789
0.468792
0.468869
0.46887
0.468844
0.468875
0.468955
0.468989
0.468992
0.469028
0.469062
0.469035
0.469025
0.469083
0.469109
0.469139
0.469231
0.469232
0.469217
0.469195
0.469205
0.469195
0.469198
0.46922
0.469198
0.469214
0.469255
0.469249
0.469226
0.469194
0.469221
0.469207
0.469223
0.469179
0.469258
0.469306
0.469315
0.46929
0.469286
0.469298
0.469317
0.469344
0.469392
0.469427
0.46945
0.469549
0.469606
0.469694
0.469691
0.469715
0.469722
0.469725
0.469765
0.469799
0.469833
0.469793
0.469812
0.469821
0.46987
0.469844
0.469853
0.469868
0.469889
0.46991
0.469872
0.46988
0.469929
0.469923
0.469901
0.469901
0.469981
0.470051
0.470073
0.470091
0.470159
0.47017
0.47016
0.470215
0.47022
0.47025
0.470204
0.470241
0.470234
0.470239
0.470185
0.470214
0.470201
0.470157
0.470137
0.470136
0.470195
0.470216
0.470255
0.470294
0.470292
0.470316
0.470345
0.470325
0.470411
0.470405
0.470428
0.470443
0.470452
0.470418
0.470444
0.470492
0.470476
0.470471
0.470471
0.470565
0.470614
0.470665
0.470641
0.470622
0.470718
0.470702
0.47072
0.47074
0.470766
0.470826
0.470828
0.470932
0.470965
0.471027
0.471035
0.471061
0.471103
0.471097
0.471156
0.471138
0.471179
0.471216
0.471213
0.471307
0.471303
0.471378
0.471381
0.471379
0.471397
0.471343
0.471359
0.471398
0.471447
0.471493
0.471529
0.471514
0.471502
0.471551
0.471545
0.471548
0.47159
0.471618
0.471601
0.471641
0.471645
0.471655
0.471665
0.471674
0.471734
0.471716
0.471708
0.471744
0.471762
0.471802
0.471845
0.471912
0.471849
0.471847
0.47191
0.471984
0.472033
