0.55814
0.564319
0.575834
0.574083
0.576297
0.575463
0.577192
0.581308
0.582271
0.583585
0.584776
0.58357
0.582273
0.581925
0.577414
0.574622
0.575019
0.571488
0.567319
0.566995
0.565606
0.564891
0.563327
0.563166
0.562293
0.562918
0.56181
0.561
0.561893
0.560916
0.559961
0.559068
0.559379
0.558949
0.558057
0.558238
0.557431
0.556664
0.55692
0.557582
0.558023
0.558432
0.557154
0.556828
0.55703
0.556574
0.555953
0.556622
0.556099
0.555987
0.555933
0.555931
0.556319
0.555353
0.55488
0.554675
0.554016
0.554083
0.553578
0.553253
0.553273
0.55271
0.552462
0.551882
0.551507
0.550563
0.550892
0.551095
0.55119
0.550888
0.550819
0.551017
0.550816
0.550737
0.550933
0.550363
0.549982
0.549977
0.549093
0.549108
0.54867
0.54884
0.548487
0.548509
0.548544
0.548381
0.548381
0.547914
0.547771
0.547711
0.547879
0.54772
0.547641
0.547505
0.547293
0.547294
0.547351
0.547357
0.546998
0.547061
0.546928
0.546846
0.54721
0.546815
0.546237
0.546128
0.546142
0.545952
0.545588
0.54528
0.54545
0.544654
0.544397
0.543975
0.543817
0.543955
0.543772
0.543806
0.543913
0.543951
0.54375
0.543376
0.543445
0.543396
0.543086
0.543204
0.543134
0.542891
0.542627
0.542732
0.542779
0.542674
0.542531
0.542479
0.54222
0.542147
0.541612
0.541592
0.541491
0.541515
0.541489
0.541159
0.541162
0.54104
0.541142
0.541091
0.541258
0.541459
0.541652
0.541755
0.541676
0.541696
0.541561
0.541431
0.541416
0.541341
0.54125
0.541232
0.541243
0.541268
0.541254
0.541204
0.540852
0.540758
0.540817
0.540689
0.540513
0.54067
0.540685
0.540747
0.540534
0.54041
0.540546
0.540384
0.540336
0.540284
0.540209
0.540217
0.540138
0.539994
0.539961
0.539948
0.539946
0.539946
0.539807
0.540033
0.540115
0.540275
0.540191
0.540163
0.540119
0.540272
0.54029
0.540269
0.540451
0.540327
0.54031
0.539973
0.539884
0.539907
0.540116
0.540027
0.540043
0.540023
0.540016
0.540064
0.540156
0.540145
0.540053
0.539965
0.540023
0.53994
0.539879
0.539944
0.539811
0.539799
0.539827
0.539916
0.539924
0.539942
0.53994
0.539886
0.539874
0.539769
0.539783
0.539983
0.539931
0.540001
0.539989
0.539995
0.539839
0.539726
0.539689
0.53957
0.539497
0.539596
0.539813
0.539773
0.539802
0.539796
0.539928
0.540068
0.540044
0.540126
0.540046
0.540139
0.539974
0.539868
0.539773
0.539755
0.539815
0.539812
0.53993
0.539867
0.539712
0.539598
0.539681
0.539581
0.539623
0.539717
0.539794
0.539603
0.539342
0.539088
0.53894
0.538804
0.538698
0.538409
0.538188
0.537963
0.538061
0.53819
0.538085
0.538083
0.538006
0.537951
0.537802
0.537798
0.537961
0.537999
0.538
0.538098
0.538092
0.538255
0.538256
0.538209
0.53816
0.538186
0.538024
0.537734
0.537713
0.537753
0.537828
0.537938
0.537916
0.537907
0.537908
0.537882
0.537916
0.537876
0.537766
0.537693
0.537636
0.537662
0.537589
0.537613
0.537557
0.537524
0.537359
0.537326
0.537331
0.537218
0.537308
0.537434
0.537418
0.537402
0.537375
0.537306
0.537329
0.537266
0.537203
0.537189
0.537205
0.537214
0.53719
0.537116
0.537089
0.537089
0.53707
0.536992
0.536881
0.537024
0.537107
0.537306
0.53728
0.537407
0.537418
0.537385
0.537468
0.53756
0.537593
0.537635
0.53762
0.537621
0.537658
0.537576
0.537514
0.537473
0.53743
0.53729
0.537313
0.537373
0.537246
0.537227
0.537238
0.537139
0.537112
0.537121
0.537111
0.537108
0.537018
0.536977
0.536946
0.536916
0.536922
0.536958
0.537028
0.537002
0.536942
0.5369
0.536888
0.536938
0.536838
0.536772
0.536671
0.536687
0.536694
0.536757
0.536877
0.536867
0.53689
0.536928
0.536983
0.536996
0.537065
0.537202
0.537157
0.537104
0.537032
0.536943
0.536918
0.53702
0.537045
0.537132
0.537136
0.537126
0.537133
0.537145
0.537176
0.537174
0.537252
0.537264
0.537282
0.537344
0.537324
0.537368
0.537444
0.537497
0.537523
0.537516
0.537427
0.537493
0.537359
0.537335
0.537302
0.537352
0.537373
0.537359
0.537332
0.537272
0.537335
0.537267
0.537319
0.537349
0.537318
0.537357
0.537361
0.537346
0.537386
0.537355
0.537239
0.537241
0.537129
0.537096
0.537006
0.536948
0.536817
0.536788
0.536721
0.536797
0.536714
0.536608
0.53657
0.536591
0.536594
0.536475
0.536402
0.536398
0.536281
0.536268
0.536254
0.53622
0.536222
0.536208
0.536314
0.53627
0.536275
0.536291
0.536302
0.536319
0.536389
0.536423
0.536418
0.536331
0.536268
0.536267
0.5363
0.536301
0.536291
0.536243
0.536261
0.536265
0.536266
0.536249
0.536236
0.536124
0.536129
0.5361
0.536084
0.536089
0.536095
0.536008
0.535996
0.535929
0.535853
0.53586
0.535814
0.535793
0.535816
0.535757
0.53575
0.535743
0.535756
0.53579
0.535863
0.535769
0.53573
0.535679
0.535684
0.535636
0.535599
0.535514
0.535495
0.535437
0.535448
0.535445
0.535428
0.535436
0.535444
0.535464
0.535483
0.53547
0.53545
0.53548
0.535425
0.535449
0.535365
0.535287
0.535223
0.535197
0.5351
0.53504
0.534989
0.534974
0.535004
0.535047
0.535029
0.535062
0.535046
0.534976
0.535046
0.53507
0.535043
0.535007
0.534983
0.534928
0.534904
0.534806
0.534782
0.534816
0.534835
0.534831
0.534829
0.534814
0.534802
0.534779
0.534874
0.534849
0.534884
0.534877
0.534912
0.534931
0.534894
0.534879
0.534921
0.534881
0.534861
0.534843
0.534832
0.534871
0.534937
0.534939
0.53487
0.534885
0.534844
0.534808
0.53477
0.534667
0.534636
0.534672
0.534617
0.534645
0.534606
0.534628
0.534603
0.534667
0.534643
0.534666
0.534657
0.534684
0.534583
0.534596
0.534588
0.534644
0.534683
0.534604
0.534619
0.534561
0.534528
0.534491
0.534558
0.53456
0.534477
0.534477
0.534512
0.534607
0.534564
0.534573
0.534641
0.534709
0.53476
0.534828
0.534821
0.534843
0.534794
0.53482
0.534843
0.534849
0.534835
0.534871
0.53491
0.534947
0.534952
0.534968
0.534931
0.534963
0.534888
0.534854
0.534843
0.534862
0.534883
0.534858
0.534854
0.534858
0.534843
0.534876
0.534928
0.534933
0.534945
0.534964
0.534953
0.534939
0.534933
0.534939
0.534913
0.534904
0.534895
0.534895
0.534859
0.534829
0.534869
0.534893
0.534872
0.534841
0.534821
0.534749
0.534702
0.534653
0.534679
0.534701
0.534708
0.534662
0.534615
0.534567
0.534551
0.534577
0.534526
0.534516
0.534548
0.534581
0.534549
0.534517
0.534468
0.534454
0.53444
0.534449
0.534442
0.534452
0.534419
0.534375
0.534335
0.534327
0.534302
0.534308
0.534299
0.534277
0.534208
0.534166
0.534207
0.53416
0.534173
0.534188
0.534237
0.534276
0.534295
0.534246
0.534225
0.534184
0.534201
0.534187
0.53423
0.534263
0.534265
0.534227
0.534174
0.534132
0.534095
0.534081
0.534116
0.534131
0.534129
0.534159
0.53415
0.534182
0.534128
0.534158
0.534154
0.534155
0.534108
0.534151
0.534125
0.534165
0.534112
0.534107
0.534149
0.534148
0.534161
0.534149
0.534183
0.534169
0.534151
0.534132
0.534126
0.534037
0.534014
0.534024
0.53405
0.534016
0.534019
0.534023
0.534026
0.534073
0.534089
0.534114
0.534116
0.534113
0.534096
0.534045
0.53408
0.534062
0.534064
0.53406
0.534057
0.534064
0.534096
0.534067
0.534063
0.534064
0.534105
0.534086
0.534079
0.534041
0.534096
0.534085
0.534068
0.534098
0.53407
0.534055
0.53407
0.534017
0.534039
0.534028
0.53402
0.533991
0.534064
0.534043
0.534024
0.533943
0.533908
0.533863
0.53388
0.533904
0.533919
0.533896
0.533887
0.533931
0.533975
0.533964
0.533977
0.533986
0.533997
0.534042
0.534085
0.534054
0.534015
0.534044
0.534064
0.534082
0.534083
0.534082
0.534022
0.534013
0.533973
0.533925
0.533892
0.533915
0.533977
0.533937
0.533954
0.533955
0.533911
0.533908
0.533923
0.533926
0.533951
0.533944
0.533946
0.533981
0.53397
0.533954
0.533879
0.533799
0.533783
0.53373
0.533694
0.533659
0.533704
0.533699
0.533661
0.533618
0.533608
0.533604
0.533621
0.533631
0.533635
0.533619
0.533598
0.533572
0.533586
0.533547
0.533513
0.533495
0.533551
0.533553
0.533514
0.53349
0.533491
0.533447
0.533436
0.533409
0.53343
0.533401
0.533371
0.533422
0.533408
0.533417
0.533429
0.533441
0.533446
0.533445
0.533442
0.533485
0.533532
0.533542
0.533553
0.533528
0.533534
0.533521
0.53351
0.533494
0.533554
0.533573
0.533601
0.533594
0.533592
0.533585
0.533572
0.53356
0.53355
0.533618
0.533617
0.533578
0.533593
0.533583
0.533616
0.533633
0.533604
0.53357
0.533555
0.533506
0.533482
0.533488
0.533467
0.533404
0.533373
0.533372
0.533366
0.533386
0.533389
0.533346
0.533341
0.53338
0.533398
0.533408
0.533412
0.533406
0.533412
0.533405
0.533399
0.533388
0.533377
0.533364
0.533407
0.533388
0.533416
0.533403
0.533396
0.533461
0.533445
0.53346
0.533461
0.533447
0.533425
0.533412
0.53342
0.533425
0.533421
0.53346
0.533482
0.533464
0.533459
0.533435
0.533433
0.533433
0.53336
0.533287
0.533282
0.533311
0.533313
0.533277
0.5333
0.533335
0.533338
0.533338
0.533316
0.533306
0.533312
0.533305
0.533269
0.533319
0.53333
0.533298
0.533287
0.533235
0.533219
0.533213
0.533198
0.533192
0.533212
0.533213
0.533177
0.533199
0.53319
0.533181
0.533186
0.53319
0.533202
0.533177
0.533217
0.533223
0.533215
0.533189
0.53322
0.533212
0.533196
0.533178
0.533153
0.533161
0.533175
0.533218
0.533191
0.533205
0.533209
0.533216
0.533248
0.533235
0.533265
0.533285
0.533318
0.533314
0.533333
0.533339
0.533351
0.533362
0.533394
0.533397
0.533367
0.533372
0.533407
