0.874063
0.865798
0.77291
0.686797
0.639222
0.601845
0.574808
0.551988
0.537239
0.527782
0.524844
0.523292
0.520562
0.517674
0.513559
0.51027
0.508285
0.506002
0.503562
0.502741
0.502016
0.501718
0.500742
0.500992
0.5007
0.500852
0.498592
0.495876
0.495503
0.495117
0.495422
0.495793
0.495172
0.494509
0.494658
0.494329
0.494214
0.493109
0.492967
0.492724
0.491878
0.492511
0.492588
0.493585
0.494065
0.49414
0.493884
0.494392
0.494534
0.494732
0.494365
0.495178
0.495377
0.495521
0.496543
0.497205
0.497545
0.497694
0.498583
0.497984
0.498843
0.499031
0.499873
0.498868
0.499401
0.499266
0.499235
0.499046
0.499431
0.499477
0.500383
0.500966
0.500767
0.501054
0.501206
0.501283
0.501785
0.501693
0.502564
0.503518
0.503535
0.503889
0.504103
0.504178
0.50415
0.504642
0.504959
0.504451
0.504076
0.504273
0.504633
0.504955
0.505211
0.505128
0.505388
0.505884
0.506047
0.506147
0.5063
