0.840841
0.787356
0.646943
0.572714
0.514458
0.477124
0.457106
0.436247
0.427654
0.417402
0.415067
0.412681
0.408136
0.406226
0.402706
0.399668
0.397952
0.398162
0.397214
0.395995
0.395197
0.393105
0.393091
0.391013
0.390738
0.392418
0.391051
0.38968
0.388801
0.38835
0.387494
0.387557
0.388641
0.38766
0.387448
0.388273
0.389426
0.390943
0.391503
0.391402
0.39209
0.392849
0.392677
0.393133
0.393241
0.393688
0.392865
0.392182
0.392095
0.392853
0.392927
0.393144
0.392903
0.393718
0.393714
0.39437
0.394652
0.39479
0.395635
0.395075
0.395682
0.394589
0.394576
0.393795
0.392973
0.39267
0.391918
0.392741
0.393287
0.393278
0.393842
0.393852
0.393962
0.394863
0.394965
0.394926
0.394939
0.394993
0.394812
0.394593
0.395249
0.394664
0.394941
0.39544
0.39621
0.396291
0.3963
0.396666
0.3965
0.396635
0.39675
0.397221
0.397179
0.396703
0.397006
0.39691
0.39651
0.396979
0.397441
