0.382239
0.369837
0.360129
0.368997
0.357089
0.359646
0.357201
0.359876
0.361959
0.363342
0.368676
0.371447
0.371229
0.374205
0.377612
0.382794
0.38013
0.380766
0.383213
0.384374
0.38472
0.386596
0.38619
0.385433
0.386616
0.386289
0.387348
0.388419
0.389794
0.390054
0.391355
0.392114
0.393082
0.394827
0.396289
0.395085
0.395854
0.395863
0.3965
0.397306
0.398253
0.398838
0.399716
0.399913
0.400772
0.401461
0.402756
0.402102
0.403199
0.403305
0.404546
0.404322
0.403993
0.401885
0.401412
0.401484
0.402218
0.402828
0.401792
0.401915
0.40184
0.40171
0.401745
0.401215
0.40082
0.400279
0.399582
0.399284
0.399372
0.399156
0.39946
0.399415
0.399748
0.400083
0.400413
0.400932
0.400945
0.401354
0.400591
0.401415
0.401699
0.401888
0.401751
0.401858
0.402044
0.40297
0.403073
0.403204
0.403751
