0.92868
0.807897
0.646409
0.537106
0.477491
0.433901
0.401294
0.379981
0.365055
0.353118
0.346714
0.343524
0.339974
0.337819
0.33514
0.333991
0.332551
0.330711
0.329138
0.329065
0.329509
0.329849
0.330263
0.330232
0.330548
0.331017
0.330664
0.330135
0.330157
0.331032
0.331834
0.331206
0.330637
0.331374
0.33142
0.332574
0.333049
0.332819
0.333291
0.333929
0.334885
0.335944
0.337524
0.338513
0.339439
0.340007
0.339621
0.340739
0.341691
0.342955
0.343575
0.343592
0.344298
0.34517
0.34603
0.346969
0.347491
0.349005
0.350222
0.350753
0.351318
0.352297
0.352864
0.353751
0.354213
0.355185
0.356079
0.356967
0.358106
0.358755
0.359569
0.360115
0.361471
0.362337
0.362758
0.363159
0.364024
0.364666
0.365933
0.366311
0.366997
0.367744
0.368107
0.368831
0.369828
0.370752
0.371576
0.372137
0.372607
0.3734
0.374266
0.375206
0.376241
0.376495
0.376673
0.377676
0.378342
0.378914
0.379663
