0.824047
0.677892
0.501487
0.411411
0.353118
0.318544
0.289641
0.269131
0.261341
0.253421
0.250143
0.247476
0.243972
0.24063
0.23829
0.23595
0.23618
0.234555
0.235762
0.235568
0.236307
0.236188
0.235826
0.234935
0.234495
0.234696
0.235061
0.235162
0.23427
0.23443
0.233941
0.235037
0.236247
0.236298
0.23539
0.237094
0.237507
0.237827
0.238525
0.239395
0.240043
0.239702
0.239823
0.24042
0.240139
0.239758
0.239702
0.239657
0.240912
0.242064
0.243112
0.24389
0.243537
0.243556
0.244485
0.245083
0.245111
0.2459
0.246318
0.246562
0.247306
0.247666
0.247866
0.248061
0.248774
0.249877
0.250263
0.251679
0.252826
0.252927
0.25399
0.254304
0.255079
0.254622
0.255893
0.25639
0.256895
0.25721
0.257738
0.258404
0.259346
0.260272
0.260855
0.261575
0.261877
0.262682
0.263005
0.262997
0.263291
0.264235
0.264748
0.264533
0.264188
0.264404
0.265276
0.265497
0.266192
0.266825
0.267569
