0.307229
0.302579
0.313285
0.320469
0.318612
0.317532
0.317993
0.316776
0.319887
0.322706
0.334915
0.341868
0.348291
0.354492
0.36125
0.365892
0.369661
0.373852
0.379067
0.381414
0.386397
0.388474
0.388898
0.390449
0.392297
0.392992
0.394664
0.394938
0.397331
0.398645
0.398874
0.399258
0.398815
0.398894
0.399549
0.40047
0.399417
0.399868
0.401264
0.402408
0.404
0.404583
0.404419
0.404888
0.405284
0.40556
0.406153
0.406158
0.405857
0.406523
0.407057
0.408042
0.408131
0.408713
0.4092
0.410068
0.409986
0.410625
0.410632
0.411497
0.411329
0.411013
0.412203
0.412379
0.41332
0.413774
0.413819
0.413896
0.413672
0.414283
0.414768
0.414968
0.415015
0.415061
0.415406
0.415828
0.415654
0.416109
0.41611
0.41654
0.416614
0.416694
0.417107
0.41575
0.416193
0.416857
0.417216
0.41752
0.417599
