0.883721
0.869978
0.774841
0.709833
0.651316
0.619071
0.594939
0.579144
0.570526
0.559347
0.556206
0.552793
0.552198
0.549674
0.545717
0.544126
0.542506
0.541464
0.540603
0.539272
0.538507
0.53918
0.538654
0.536469
0.535992
0.536333
0.534936
0.533897
0.533684
0.534559
0.535674
0.535188
0.535826
0.535069
0.534363
0.53407
0.534041
0.534151
0.533002
0.531825
0.531709
0.530136
0.528677
0.528639
0.527556
0.527433
0.526738
0.526821
0.525584
0.524645
0.52475
0.523881
0.523781
0.523585
0.523441
0.523073
0.522715
0.522522
0.522291
0.521937
0.522268
0.521833
0.521596
0.521538
0.52126
0.5213
0.520102
0.52037
0.520809
0.520234
0.520244
0.520075
0.519617
0.518597
0.518848
0.519078
0.518864
0.519046
0.519298
0.518861
0.518699
0.518506
0.518333
0.518256
0.518504
0.518213
0.517691
0.51803
0.518196
0.518148
0.51773
0.517384
0.517542
0.517204
0.516991
0.516843
0.517083
0.516709
0.516975
