0.814103
0.793978
0.673981
0.588506
0.525966
0.496706
0.478886
0.464326
0.448795
0.436879
0.433218
0.431793
0.428647
0.427094
0.422918
0.421952
0.418904
0.418605
0.416981
0.415787
0.414764
0.415206
0.415467
0.414774
0.413366
0.412796
0.409475
0.408289
0.408109
0.40827
0.408095
0.407609
0.407931
0.40927
0.408029
0.407447
0.407208
0.407101
0.406822
0.40465
0.404389
0.403095
0.402502
0.40188
0.399843
0.400287
0.398028
0.398297
0.396781
0.396873
0.396658
0.397286
0.396038
0.394958
0.394577
0.39488
0.394418
0.394361
0.394167
0.394389
0.394264
0.392513
0.391669
0.391159
0.390788
0.39122
0.390895
0.390645
0.391362
0.39149
0.392578
0.391985
0.392526
0.392367
0.393663
0.39355
0.393454
0.393875
0.393381
0.392827
0.392887
0.392395
0.392215
0.392286
0.392611
0.391935
0.391523
0.392194
0.392501
0.392284
0.390794
0.390492
0.390154
0.390068
0.389836
0.390946
0.391563
0.391717
0.391052
