0.413333
0.394056
0.392005
0.390988
0.386434
0.379188
0.379101
0.382892
0.380402
0.379827
0.383796
0.386937
0.389176
0.391632
0.395364
0.395901
0.391756
0.393491
0.395768
0.397746
0.399945
0.399705
0.401311
0.401495
0.401818
0.402247
0.401882
0.401172
0.402775
0.401538
0.401193
0.399738
0.399607
0.398879
0.397864
0.398254
0.397437
0.397964
0.396242
0.396995
0.397831
0.397946
0.398845
0.399679
0.399915
0.399444
0.39897
0.398975
0.399175
0.399924
0.40012
0.400323
0.401043
0.400918
0.400389
0.400347
0.399625
0.400329
0.401312
0.402313
0.402832
0.40313
0.403089
0.402147
0.402736
0.402417
0.402634
0.403044
0.403089
0.403555
0.403634
0.403424
0.40282
0.402605
0.402799
0.401652
0.400617
0.400322
0.400669
0.400813
0.399681
0.399398
0.399291
0.398789
0.399098
0.399033
0.398848
0.398576
0.398264
