0.973214
0.918129
0.777328
0.658276
0.587485
0.54303
0.507553
0.476298
0.462851
0.448601
0.442408
0.43531
0.426316
0.421678
0.416909
0.413028
0.405927
0.404075
0.400378
0.398011
0.396416
0.393546
0.390366
0.387685
0.387261
0.384826
0.383131
0.382272
0.379561
0.376925
0.375847
0.374743
0.373293
0.373419
0.374053
0.372203
0.372124
0.371529
0.370564
0.37008
0.369632
0.368554
0.367325
0.366574
0.365151
0.364173
0.363925
0.363891
0.364434
0.364381
0.364582
0.364222
0.36498
0.365233
0.364589
0.364739
0.364553
0.363987
0.363875
0.36228
0.361826
0.361963
0.361104
0.360392
0.360587
0.359576
0.359303
0.359645
0.359112
0.357913
0.356758
0.356193
0.356049
0.356178
0.355681
0.355693
0.355667
0.355653
0.355609
0.356031
0.355646
0.355754
0.356091
0.356058
0.356031
0.356083
0.355818
0.355963
0.355465
0.354745
0.355106
0.354865
0.354309
0.353837
0.353779
0.353855
0.353553
0.353749
0.353308
