0.974398
0.93769
0.815109
0.702864
0.63864
0.594817
0.559898
0.538562
0.520958
0.505513
0.495248
0.489391
0.484762
0.478499
0.47788
0.477307
0.476217
0.47496
0.475135
0.47399
0.471933
0.470983
0.469844
0.469451
0.467592
0.467314
0.46659
0.46524
0.464689
0.464578
0.464411
0.463628
0.464365
0.464822
0.464841
0.464207
0.463183
0.463601
0.463448
0.462793
0.463067
0.463509
0.46405
0.464095
0.464457
0.464727
0.465528
0.465307
0.465552
0.46528
0.465992
0.46622
0.466577
0.466973
0.466843
0.466499
0.466788
0.467471
0.468308
0.468495
0.469294
0.468984
0.468418
0.467895
0.46837
0.468416
0.468414
0.468945
0.469465
0.46955
0.469217
0.469499
0.469331
0.470256
0.470949
0.471466
0.47223
0.472788
0.473302
0.473435
0.473483
0.474331
0.474768
0.475018
0.474592
0.475392
0.475537
0.475706
0.475781
0.475883
0.476338
0.476825
0.476989
0.47761
0.477685
0.477842
0.477903
0.478547
0.478472
