0.352827
0.377322
0.386991
0.375433
0.383643
0.392086
0.388624
0.391925
0.394111
0.395997
0.399965
0.406437
0.410845
0.412773
0.413709
0.411651
0.412203
0.411552
0.414307
0.41575
0.415861
0.417521
0.41826
0.418172
0.417923
0.41688
0.417354
0.417738
0.417859
0.418277
0.418831
0.417914
0.418987
0.420641
0.418912
0.418226
0.418356
0.418833
0.419776
0.420318
0.420736
0.420597
0.419882
0.420072
0.41918
0.418948
0.420142
0.420868
0.421081
0.421168
0.421201
0.420594
0.420537
0.420564
0.419871
0.41938
0.418733
0.418994
0.418718
0.418872
0.418872
0.418498
0.419114
0.419248
0.419582
0.419093
0.418886
0.419444
0.419696
0.419455
0.420331
0.420337
0.420245
0.420486
0.419824
0.419939
0.419695
0.420004
0.419799
0.419837
0.420133
0.420387
0.420246
0.420616
0.420856
0.421192
0.420898
0.420903
0.420896
