0.942073
0.821374
0.682806
0.609445
0.567048
0.529798
0.509507
0.486343
0.473737
0.466807
0.465805
0.460044
0.456619
0.454682
0.45288
0.450498
0.449071
0.44651
0.444189
0.441682
0.439992
0.439469
0.437523
0.43853
0.437282
0.437722
0.435487
0.434461
0.432751
0.431964
0.431027
0.427592
0.427472
0.42668
0.425822
0.426168
0.426576
0.426305
0.424455
0.423422
0.423467
0.422554
0.42256
0.422582
0.422702
0.421758
0.422961
0.422085
0.421839
0.421901
0.422945
0.422645
0.421249
0.420251
0.419869
0.418646
0.419132
0.4191
0.419048
0.41964
0.418745
0.417862
0.417958
0.418042
0.418576
0.419521
0.4193
0.41888
0.418901
0.419127
0.419204
0.419732
0.420481
0.421345
0.421657
0.421943
0.42206
0.422208
0.422513
0.422777
0.422664
0.42334
0.423262
0.42402
0.42431
0.424567
0.42482
0.424144
0.424069
0.42352
0.423278
0.423117
0.423514
0.424708
0.425027
0.424658
0.42485
0.425882
0.425623
