0.97619
0.927881
0.81992
0.724681
0.67306
0.635075
0.615877
0.596197
0.579934
0.569698
0.567749
0.564275
0.561075
0.56003
0.556599
0.554877
0.553276
0.551992
0.551271
0.547328
0.546541
0.545332
0.544689
0.544712
0.545495
0.545861
0.545044
0.543614
0.541518
0.541186
0.540518
0.538695
0.540681
0.540245
0.540828
0.541565
0.542153
0.542029
0.541646
0.542398
0.542725
0.542919
0.544188
0.544557
0.54465
0.544634
0.544084
0.544789
0.543659
0.54444
0.545184
0.545862
0.54656
0.546829
0.546164
0.546416
0.545918
0.546649
0.547012
0.547042
0.54727
0.546877
0.546944
0.547859
0.547784
0.547904
0.547955
0.548542
0.548925
0.549029
0.549007
0.548858
0.548673
0.549113
0.54946
0.550414
0.550681
0.551227
0.551254
0.551104
0.551127
0.550894
0.55106
0.551228
0.551226
0.551031
0.551024
0.550452
0.550868
0.55057
0.550146
0.549966
0.54986
0.550311
0.550447
0.550796
0.550696
0.550813
0.551116
