0.399247
0.423841
0.424812
0.434229
0.433472
0.429965
0.434654
0.430965
0.435284
0.431347
0.431581
0.430211
0.431122
0.429169
0.430538
0.429279
0.430383
0.43092
0.430536
0.432207
0.432958
0.429296
0.430276
0.430533
0.430734
0.431941
0.431408
0.431396
0.433447
0.431969
0.431362
0.432643
0.432429
0.431301
0.431593
0.431255
0.431774
0.431927
0.430956
0.431263
0.431309
0.430847
0.430389
0.429853
0.430036
0.430134
0.429655
0.429508
0.429976
0.431277
0.430505
0.429775
0.429681
0.430543
0.430474
0.430983
0.431032
0.431324
0.431373
0.431185
0.43172
0.432222
0.431919
0.432739
0.433311
0.433858
0.434365
0.434641
0.434611
0.43482
0.434788
0.43471
0.434935
0.435988
0.436273
0.4361
0.43636
0.434522
0.434862
0.43479
0.434647
0.434478
0.43458
0.43453
0.434228
0.434008
0.434065
0.434056
0.43392
