0.832817
0.828614
0.798228
0.773134
0.744504
0.726866
0.706512
0.687524
0.672806
0.658273
0.655757
0.646015
0.63634
0.62988
0.623977
0.616368
0.609505
0.602165
0.598319
0.594049
0.586703
0.580153
0.575982
0.57076
0.562904
0.558305
0.553521
0.547504
0.543324
0.538568
0.53526
0.532397
0.52869
0.524927
0.520234
0.514804
0.512173
0.509287
0.505773
0.501845
0.499096
0.495515
0.492646
0.490793
0.48838
0.485674
0.483049
0.481607
0.480179
0.478163
0.476176
0.473443
0.471521
0.469986
0.468533
0.466285
0.464586
0.46247
0.461421
0.459591
0.457297
0.456359
0.455024
0.453806
0.452077
0.450828
0.448965
0.447567
0.44565
0.444609
0.442421
0.441051
0.439835
0.438574
0.437797
0.437219
0.436105
0.434952
0.4339
0.433075
0.432192
0.432262
0.431222
0.430351
0.429331
0.428386
0.428259
0.426744
0.425205
0.42435
0.423248
0.42282
0.421962
0.421631
0.420702
0.420487
0.419923
0.419817
0.418266
0.417953
0.417438
0.416354
0.415765
0.414999
0.41423
0.413756
0.413468
0.412714
0.412505
0.411366
0.411056
0.410356
0.409782
0.409217
0.40882
0.408375
0.40815
0.407586
0.407526
0.406967
0.407171
0.406821
0.406394
0.405349
0.40518
0.405301
0.404804
0.40428
0.404143
0.403968
0.403548
0.403268
0.402783
0.402357
0.402007
0.401992
0.402055
0.401543
0.401491
0.401173
0.401157
0.400558
0.400392
0.399773
0.39946
0.399103
0.398998
0.398631
0.398672
0.398328
0.398307
0.398232
0.397875
0.397668
0.397439
0.396769
0.396734
0.39641
0.396305
0.396104
0.395688
0.395037
0.394829
0.3949
0.394535
0.39397
0.393736
0.393328
0.393035
0.393011
0.393004
0.392608
0.392509
0.392321
0.392416
0.392187
0.391934
0.391675
0.391479
0.390762
0.390593
0.390457
0.389961
0.390162
0.38988
0.38962
0.389675
0.389597
0.389591
0.389842
0.389537
0.389194
0.388829
0.388851
0.388641
0.388791
0.388594
0.388507
0.388435
0.388168
0.388274
0.38788
0.387925
0.387754
0.387357
0.387353
0.387171
0.387121
0.386932
0.386838
0.386748
0.3866
0.386711
0.386216
0.385965
0.385884
0.385539
0.385478
0.385472
0.385481
0.385412
0.385121
0.385309
0.385317
0.385301
0.385423
0.385214
0.385112
0.385216
0.385145
0.384996
0.385034
0.38505
0.384912
0.384931
0.384568
0.384527
0.384574
0.384571
0.384401
0.384361
0.384324
0.38392
0.383852
0.383744
0.383864
0.383752
0.383701
0.383613
0.383464
0.383398
0.383327
0.383628
0.38364
0.3839
0.383959
0.383931
0.383605
0.383713
0.383623
0.383596
0.383605
0.383588
0.383403
0.383276
0.382986
0.382806
0.382849
0.382477
0.382436
0.382207
0.382491
0.382571
0.382453
0.382408
0.382513
0.382415
0.382163
0.382336
0.38213
0.382225
0.382148
0.382134
0.382332
0.382226
0.382226
0.382367
0.38225
0.382067
0.382164
0.382162
0.382031
0.382059
0.382095
0.382041
0.381968
0.382053
0.382197
0.382066
0.381945
0.381879
0.382089
0.382073
0.382038
0.381922
0.381942
0.381938
0.381927
0.381859
0.381851
0.381743
0.381788
0.382088
0.381998
0.382006
0.382174
0.382323
0.382138
0.38216
0.382206
0.3821
0.381961
0.382092
0.381959
0.381881
0.381906
0.381773
0.381783
0.381918
0.381955
0.381781
0.38174
0.381823
0.381781
0.381773
0.381467
0.381674
0.381669
0.381773
0.381815
0.381729
0.381774
0.381739
0.381769
0.381776
0.381752
0.381731
0.381687
0.381619
0.381698
0.381877
0.381936
0.381833
0.381883
0.381813
0.381973
0.381949
0.381985
0.381849
0.381878
0.382177
0.382218
0.382256
0.382441
0.382555
0.382653
0.382554
0.382553
0.382603
0.382511
0.382499
0.382404
0.382507
0.382322
0.382383
0.382488
0.382502
0.38252
0.382568
0.382527
0.38268
0.382776
0.382733
0.382561
0.382487
0.382512
0.382535
0.382712
0.382623
0.38274
0.382736
0.382808
0.382834
0.382827
0.382779
0.382711
0.382731
0.38267
0.382619
0.382728
0.382781
0.382726
0.382733
0.382801
0.382918
0.383025
0.383002
0.382821
0.382726
0.382844
0.382881
0.382865
0.383018
0.383027
0.38293
0.38302
0.383019
0.383003
0.383071
0.383174
0.383293
0.383452
0.383495
0.383512
0.383571
0.383653
0.383782
0.383793
0.383925
0.383937
0.383938
0.384037
0.384044
0.383963
0.38387
0.383796
0.383729
0.38374
0.383774
0.383777
0.383775
0.383722
0.383727
0.383657
0.383774
0.38376
0.383698
0.383832
0.383869
0.384013
0.383886
0.383902
0.383982
0.383985
0.384084
0.384159
0.384184
0.384101
0.384232
0.384312
0.384187
0.384087
0.384103
0.384
0.383888
0.383868
0.383862
0.383916
0.383934
0.383999
0.38401
0.383979
0.383957
0.383852
0.383709
0.383803
0.383778
0.383661
0.383551
0.383515
0.383568
0.383588
0.383613
0.383574
0.383769
0.383668
0.383667
0.383746
0.383776
0.383648
0.383588
0.383636
0.383726
0.383625
0.383648
0.383546
0.383654
0.383708
0.383709
0.383758
0.383736
0.383524
0.383534
0.383558
0.383633
0.383649
0.383691
0.383728
0.383852
0.383901
0.383897
0.384069
0.384136
0.384079
0.3841
0.384038
0.384065
0.384117
0.384217
0.384199
0.384324
0.384346
0.384259
0.384283
0.384086
0.384098
0.384196
0.38421
0.384297
0.384341
0.384406
0.38453
0.384601
0.384685
0.384721
0.384838
0.384771
0.384681
0.384694
0.384621
0.384751
0.384715
0.384721
0.384684
0.384605
0.384706
0.384647
0.384538
0.384523
0.384492
0.384505
0.384536
0.384466
0.384482
0.384468
0.384472
0.384432
0.384417
0.384525
0.384501
0.384659
0.384757
0.384774
0.384822
0.384846
0.384955
0.384973
0.385037
0.384972
0.385106
0.385221
0.385285
0.385346
0.385381
0.385427
0.385513
0.38544
0.38548
0.385449
0.385557
0.385581
0.385531
0.385534
0.385589
0.385631
0.385677
0.385764
0.385771
0.385748
0.385826
0.385728
0.385828
0.38569
0.385675
0.38571
0.385726
0.385851
0.385872
0.385894
0.38591
0.38592
0.385839
0.385819
0.385854
0.385843
0.385896
0.385928
0.386066
0.386028
0.386014
0.38607
0.386153
0.386243
0.386286
0.38623
0.386261
0.386263
0.38625
0.386212
0.386191
0.386186
0.386184
0.386191
0.386145
0.386128
0.386251
0.3863
0.386285
0.386253
0.386209
0.386107
0.386216
0.386125
0.386181
0.386202
0.386276
0.38631
0.386329
0.386355
0.386318
0.386329
0.386297
0.386271
0.386346
0.386399
0.386449
0.386452
0.386482
0.38646
0.386416
0.3864
0.386412
0.386575
0.386569
0.386597
0.386555
0.386557
0.386594
0.38666
0.38667
0.386672
0.386766
0.386835
0.38687
0.386887
0.386865
0.386794
0.386807
0.386791
0.386807
0.386809
0.386888
0.38694
0.38706
0.387077
0.387045
0.387052
0.387041
0.387144
0.387152
0.387215
0.387247
0.387285
0.387297
0.38723
0.387242
0.387246
0.387293
0.387378
0.387322
0.387274
0.387362
0.387414
0.387519
0.387585
0.387645
0.387698
0.387755
0.387715
0.387789
0.387774
0.387839
0.387914
0.387954
0.387961
0.388038
0.388121
0.388147
0.388153
0.388211
0.3883
0.388399
0.388413
0.388411
0.388437
0.388401
0.388371
0.388445
0.388574
0.388616
0.388708
0.38873
0.388717
0.388871
0.388856
0.388877
0.388902
0.389014
0.38905
0.389036
0.389139
0.389164
0.389232
0.389219
0.389326
0.389314
0.389417
0.389508
0.389504
0.389527
0.389549
0.389601
0.389634
0.38969
0.38974
0.389712
0.38973
0.389799
0.38979
0.389871
0.389934
0.389895
0.389897
0.389937
0.389911
0.389962
0.38992
0.389918
0.389867
0.38995
0.389944
0.389952
0.390052
0.390057
0.390061
0.390124
0.390121
0.390162
0.390219
0.390304
0.390315
0.390283
0.390306
0.390316
0.390273
0.390268
0.390258
0.390319
0.390151
0.390128
0.390086
0.390124
0.390097
0.390136
0.390236
0.390313
0.39026
0.39029
0.390299
0.390289
0.390334
0.390404
0.390463
0.390531
0.39061
0.390619
0.390694
0.390742
0.390715
0.390766
0.390771
0.390763
0.390814
0.390884
0.391008
0.390996
0.390958
0.390968
0.390951
0.391006
0.391086
0.391068
0.391113
0.391116
0.391103
0.391174
0.391237
0.391301
0.391276
0.391275
0.391326
0.391417
0.391537
0.391503
0.391456
0.391431
0.391495
0.391507
0.391506
0.39148
0.391541
0.391523
0.39151
0.391539
0.391517
0.391554
0.391543
0.391522
0.391517
0.391527
0.391586
0.39164
0.391699
0.39168
0.391653
0.391595
0.391654
0.391756
0.391738
0.391729
0.39176
0.391834
0.391856
0.391894
0.391918
0.391866
0.391888
0.391975
0.392005
0.392038
0.391997
0.392032
0.39208
0.392174
0.392114
0.39211
0.392081
0.392021
0.392099
0.39214
0.392235
0.392311
0.392315
0.392397
0.39245
0.392458
0.392478
0.392516
0.392532
0.392466
0.39241
0.392442
0.392397
0.392485
0.392464
0.392533
0.392557
0.392612
0.392616
0.392656
0.3926
0.392564
0.392524
0.392571
0.392608
0.392651
0.392732
0.3927
0.392777
0.392847
0.39292
0.392878
0.392926
0.392941
0.392991
0.393006
0.393068
0.393055
0.392982
0.393008
0.393101
0.393188
0.393235
0.393227
0.393255
0.393286
0.393334
0.393412
0.393429
0.39344
0.393419
0.393469
0.393428
0.393453
0.393494
0.393488
0.393486
0.393518
0.393518
0.39356
0.393535
0.393563
0.393583
0.393639
0.393632
0.393661
0.393633
0.393687
0.3937
0.393757
0.393781
0.393785
0.393898
0.393918
0.393965
0.393982
0.394084
0.39412
0.394082
0.39404
0.394042
0.394054
0.394088
0.394147
0.394154
0.394216
0.39423
0.394174
0.394229
0.394244
0.394234
0.394262
0.394389
0.394507
0.394577
0.39463
0.394598
0.394558
0.394493
0.394519
0.394544
0.394544
0.394519
0.394522
0.394469
0.394462
0.394435
0.394439
0.39442
0.394472
0.394546
0.394532
0.39448
0.394539
0.394534
0.39451
0.394493
0.394478
0.394515
0.394465
0.394466
0.394476
0.394522
0.39458
0.394559
0.394474
0.394435
0.394442
0.394444
