0.878877
0.847254
0.832661
0.819925
0.807356
0.792982
0.778826
0.76211
0.750083
0.738595
0.733791
0.726574
0.720749
0.714431
0.708984
0.704308
0.697535
0.692972
0.686121
0.67859
0.673611
0.666539
0.660581
0.653943
0.647729
0.643492
0.638593
0.633457
0.628909
0.623033
0.617991
0.61413
0.609364
0.604716
0.599973
0.596061
0.59207
0.588972
0.585739
0.582183
0.579338
0.576912
0.573552
0.570234
0.566837
0.564457
0.561359
0.559083
0.556567
0.553923
0.552105
0.549679
0.547253
0.545463
0.543738
0.541235
0.539476
0.537846
0.535883
0.53424
0.53224
0.530203
0.528696
0.526271
0.524473
0.523134
0.520994
0.519077
0.518117
0.516932
0.514965
0.513858
0.512284
0.510856
0.5094
0.508631
0.507227
0.505801
0.504718
0.50401
0.502873
0.501506
0.500351
0.499486
0.498508
0.497405
0.49687
0.495933
0.495034
0.494461
0.493669
0.493102
0.491924
0.491073
0.490143
0.489139
0.487901
0.487304
0.486904
0.486496
0.485346
0.484439
0.48359
0.483072
0.482773
0.482363
0.482024
0.481492
0.480673
0.479732
0.478956
0.478079
0.477202
0.476262
0.475933
0.475302
0.474922
0.474186
0.473827
0.473381
0.472923
0.472572
0.471981
0.471553
0.47137
0.470828
0.470432
0.47017
0.469675
0.469287
0.468861
0.468588
0.468264
0.467885
0.467641
0.467088
0.466691
0.466509
0.466185
0.465755
0.465342
0.465144
0.464994
0.464672
0.464548
0.464033
0.463702
0.463461
0.463214
0.463045
0.462898
0.463009
0.462465
0.461942
0.461581
0.461254
0.460913
0.460631
0.460263
0.460017
0.459643
0.459246
0.458835
0.458702
0.458114
0.458212
0.457873
0.457758
0.457546
0.457189
0.457161
0.456648
0.456461
0.45626
0.456425
0.456489
0.456363
0.456164
0.456198
0.455822
0.455632
0.455291
0.45497
0.454491
0.454246
0.454136
0.454104
0.453612
0.453356
0.453078
0.45306
0.452942
0.452868
0.45291
0.452918
0.452718
0.452444
0.452323
0.452059
0.452116
0.452
0.45194
0.45193
0.452027
0.451713
0.451841
0.451703
0.451416
0.451359
0.451398
0.451441
0.451301
0.451066
0.450828
0.450925
0.450855
0.450766
0.450591
0.450274
0.450115
0.449935
0.449692
0.449555
0.449637
0.449474
0.449408
0.449222
0.449032
0.448793
0.448929
0.448792
0.44886
0.448707
0.448641
0.448636
0.448672
0.448759
0.448769
0.448779
0.448832
0.448653
0.448579
0.448436
0.448348
0.44823
0.448274
0.448121
0.448009
0.448041
0.448014
0.447914
0.447796
0.447701
0.44775
0.447835
0.447869
0.447921
0.447993
0.447975
0.447955
0.448003
0.447985
0.447816
0.447773
0.447769
0.447636
0.447607
0.447626
0.447679
0.44771
0.447756
0.447725
0.447878
0.44779
0.447889
0.447943
0.447855
0.44796
0.447894
0.447893
0.447948
0.44795
0.44793
0.447788
0.447555
0.447534
0.447487
0.447503
0.447491
0.447336
0.447415
0.447267
0.447233
0.447255
0.44723
0.447252
0.447151
0.44717
0.447131
0.447202
0.44703
0.447103
0.447069
0.447002
0.446994
0.446784
0.446711
0.446706
0.446652
0.446645
0.446612
0.446516
0.446602
0.446556
0.446433
0.446393
0.446476
0.446391
0.446354
0.446368
0.44643
0.446416
0.446207
0.446122
0.445956
0.446018
0.44602
0.445917
0.44588
0.445897
0.445874
0.445787
0.445746
0.445706
0.445803
0.445676
0.445607
0.445619
0.445678
0.445655
0.445708
0.445786
0.445775
0.445668
0.445742
0.445726
0.44567
0.445703
0.445722
0.445749
0.445774
0.445735
0.4457
0.445633
0.445604
0.445526
0.445478
0.445525
0.445516
0.445403
0.445413
0.445532
0.445583
0.445547
0.445728
0.445567
0.44564
0.445715
0.445821
0.445694
0.44561
0.445646
0.445668
0.445525
0.44551
0.445596
0.445631
0.445572
0.445665
0.445637
0.445536
0.445666
0.445772
0.445841
0.445946
0.445919
0.446107
0.446113
0.446112
0.446117
0.445962
0.446084
0.445952
0.445965
0.44599
0.445976
0.445911
0.445932
0.446073
0.446056
0.446072
0.446025
0.445975
0.445988
0.446152
0.446111
0.446116
0.446214
0.446254
0.446278
0.446191
0.446109
0.446123
0.446153
0.446207
0.446241
0.446251
0.446328
0.446485
0.446511
0.446519
0.446527
0.446506
0.446537
0.446467
0.44645
0.446488
0.446541
0.446641
0.446691
0.446755
0.446686
0.446688
0.446735
0.446868
0.446976
0.446966
0.447022
0.447063
0.447122
0.447203
0.44718
0.447306
0.447341
0.447402
0.447425
0.447399
0.447373
0.447377
0.447353
0.447369
0.447514
0.447463
0.44747
0.447567
0.447624
0.44767
0.447733
0.44783
0.447964
0.447977
0.447937
0.448019
0.448059
0.448117
0.448286
0.448339
0.448522
0.448589
0.448542
0.448565
0.448489
0.448549
0.448621
0.448703
0.44874
0.448758
0.44871
0.448758
0.448759
0.448783
0.448818
0.448818
0.448846
0.44889
0.448943
0.448944
0.448925
0.448984
0.44911
0.449078
0.44917
0.449235
0.449201
0.44927
0.449318
0.44938
0.449306
0.449202
0.44917
0.449215
0.449243
0.449239
0.449294
0.449329
0.449302
0.449268
0.449256
0.44929
0.449267
0.449332
0.449312
0.449324
0.449411
0.449381
0.449405
0.449557
0.449526
0.449653
0.449652
0.449682
0.449773
0.449776
0.449832
0.449893
0.449899
0.449899
0.449996
0.450004
0.450065
0.450048
0.450035
0.449983
0.450062
0.450059
0.450038
0.450011
0.449956
0.45
0.450073
0.450111
0.450104
0.450203
0.450176
0.450295
0.450262
0.450249
0.450342
0.450442
0.450483
0.450505
0.450467
0.4505
0.450505
0.450511
0.450433
0.450465
0.450491
0.450475
0.45055
0.450596
0.450551
0.450613
0.450743
0.450791
0.450861
0.450895
0.450968
0.451081
0.451108
0.451037
0.450986
0.451025
0.451047
0.451096
0.451139
0.451159
0.451306
0.451303
0.451378
0.451485
0.451539
0.451598
0.451625
0.451588
0.451561
0.451622
0.451606
0.451614
0.451654
0.451652
0.451653
0.451702
0.451734
0.451761
0.451883
0.452
0.451873
0.451962
0.452041
0.452075
0.452079
0.452169
0.452201
0.452178
0.452102
0.452198
0.452261
0.452245
0.452333
0.452342
0.45231
0.452309
0.452308
0.452325
0.452398
0.452393
0.452426
0.452542
0.452567
0.452582
0.4526
0.452592
0.452591
0.452665
0.452587
0.452621
0.452654
0.452682
0.452731
0.452749
0.452783
0.452777
0.452785
0.452782
0.452748
0.452799
0.452817
0.452892
0.452933
0.452926
0.452949
0.453022
0.453083
0.453116
0.453135
0.453143
0.45319
0.453144
0.453211
0.453229
0.453231
0.453257
0.453309
0.453313
0.453323
0.45328
0.453236
0.453257
0.453254
0.453241
0.453268
0.453262
0.453269
0.453319
0.45343
0.453484
0.453359
0.453459
0.45348
0.453503
0.453538
0.453613
0.453698
0.453651
0.453685
0.453742
0.453762
0.453738
0.45371
0.453689
0.453715
0.453723
0.453683
0.453693
0.453781
0.453837
0.453889
0.453879
0.453905
0.45393
0.453932
0.454025
0.454034
0.454097
0.454118
0.454201
0.454134
0.454212
0.454323
0.454405
0.454464
0.454518
0.454524
0.454623
0.454612
0.454671
0.454725
0.454713
0.454814
0.454868
0.45489
0.454951
0.454957
0.455043
0.45504
0.454933
0.454953
0.454995
0.45501
0.455002
0.455022
0.45511
0.455176
0.455309
0.455326
0.455388
0.455483
0.455456
0.455389
0.45544
0.455508
0.455529
0.455597
0.455654
0.45565
0.455709
0.45574
0.455751
0.455817
0.455849
0.455865
0.455891
0.455877
0.455877
0.45591
0.455925
0.455974
0.456059
0.456119
0.456161
0.456192
0.456227
0.456204
0.456261
0.456296
0.456281
0.456342
0.456395
0.456429
0.456461
0.456463
0.45653
0.456546
0.456567
0.456558
0.456572
0.456523
0.456558
0.456552
0.456543
0.456567
0.456571
0.456637
0.456689
0.45671
0.45678
0.456847
0.456876
0.456872
0.456842
0.456862
0.456885
0.456929
0.45697
0.456971
0.457026
0.457018
0.457061
0.457133
0.457162
0.457234
0.45727
0.457297
0.457379
0.457428
0.457521
0.457644
0.457689
0.457699
0.457766
0.457784
0.457845
0.457858
0.45787
0.457913
0.457931
0.45797
0.458051
0.45804
0.457976
0.45803
0.458074
0.458134
0.458162
0.458194
0.458172
0.458251
0.458316
0.45831
0.458353
0.458421
0.458488
0.458515
0.458486
0.458454
0.458483
0.458597
0.458559
0.458553
0.45858
0.458578
0.45863
0.458662
0.458719
0.458709
0.458721
0.458726
0.458734
0.458694
0.45869
0.458703
0.458696
0.458716
0.458737
0.45874
0.458817
0.458843
0.458804
0.45883
0.45886
0.458854
0.45891
0.458983
0.458966
0.459019
0.459077
0.459115
0.459152
0.459219
0.459277
0.459322
0.459333
0.459366
0.459324
0.459384
0.459423
0.459501
0.459541
0.459574
0.45959
0.459589
0.459606
0.459691
0.459743
0.459803
0.459788
0.459863
0.459916
0.459866
0.459901
0.459925
0.459915
0.459922
0.459902
0.459974
0.460047
0.460096
0.460187
0.460227
0.460258
0.460308
0.460349
0.46035
0.460375
0.460378
0.460417
0.460424
0.46045
0.460452
0.460492
0.460484
0.460524
0.460555
0.460652
0.460724
0.460799
0.460862
0.46085
0.460882
0.460908
0.460938
0.460941
0.460954
0.460933
0.460936
0.46092
0.460976
0.461043
0.461086
0.461167
0.461222
0.461314
0.461342
0.461387
0.461404
0.461422
0.461499
0.461509
0.461574
0.461612
0.461622
0.461699
0.461707
0.461749
0.461771
0.461839
0.461866
0.461909
0.461975
0.461993
0.462053
0.462075
0.462147
0.462209
0.462299
0.462343
0.462375
0.462401
0.46248
0.462514
0.462552
0.462568
0.462591
0.462607
0.462634
0.462664
0.462658
0.462692
0.462696
0.462732
0.462745
0.462785
0.462808
0.462869
0.462961
0.46296
0.462993
0.463012
0.463025
0.463031
0.462997
0.462999
0.463033
0.462998
0.463032
0.46309
0.463105
0.463148
0.463165
0.463203
0.463221
0.463298
0.463313
0.463376
0.463426
0.463484
0.463536
0.463499
0.463502
0.463527
0.463552
0.463551
0.463593
0.463565
0.463576
0.463559
0.463604
0.463603
