0.577358
0.563515
0.555907
0.555294
0.559156
0.565409
0.568606
0.568896
0.573137
0.574793
0.573919
0.569175
0.56523
0.564639
0.561999
0.563036
0.561567
0.560208
0.561432
0.560742
0.56106
0.561619
0.561896
0.560966
0.562056
0.564093
0.565088
0.56479
0.565074
0.565545
0.565075
0.566553
0.566804
0.56655
0.566756
0.567094
0.567018
0.567838
0.568158
0.567494
0.567573
0.567295
0.56651
0.566387
0.565975
0.566575
0.565865
0.564614
0.564122
0.564181
0.563596
0.563149
0.562666
0.561311
0.560424
0.560868
0.560321
0.559516
0.55958
0.558966
0.559317
0.559173
0.559211
0.558214
0.558228
0.557834
0.557307
0.557132
0.556719
0.556767
0.55663
0.556083
0.55607
0.555401
0.555468
0.554849
0.554563
0.554543
0.554001
0.553565
0.553814
0.554286
0.554498
0.554371
0.554623
0.554316
0.553886
0.553121
0.553133
0.552759
0.552675
0.552677
0.552581
0.552207
0.552129
0.552097
0.551896
0.551485
0.551014
0.550692
0.550535
0.550716
0.549996
0.550135
0.549783
0.549789
0.549774
0.549786
0.549634
0.549247
0.549101
0.548801
0.548933
0.548949
0.54908
0.548923
0.549108
0.548765
0.54879
0.548562
0.548397
0.547917
0.547921
0.547925
0.548041
0.548011
0.548002
0.547942
0.548243
0.548261
0.548079
0.547948
0.54811
0.548196
0.548113
0.547858
0.547921
0.547938
0.547713
0.547595
0.547721
0.547629
0.547554
0.547508
0.547389
0.547338
0.547323
0.547193
0.547318
0.547151
0.547116
0.54699
0.546897
0.546847
0.546583
0.546665
0.546655
0.546573
0.54638
0.546486
0.54631
0.546178
0.545999
0.545925
0.545979
0.545772
0.545656
0.545538
0.545563
0.545505
0.545425
0.545226
0.54501
0.544769
0.54473
0.544925
0.544944
0.54501
0.545049
0.545023
0.544906
0.544957
0.544894
0.544869
0.544929
0.544798
0.54463
0.544696
0.544495
0.54426
0.544341
0.544344
0.544091
0.544007
0.543787
0.543782
0.543545
0.543461
0.543563
0.543372
0.543457
0.543472
0.543566
0.543405
0.543642
0.543542
0.543451
0.543599
0.54356
0.543215
0.543331
0.543221
0.54331
0.543522
0.5433
0.543463
0.543269
0.543005
0.542785
0.542665
0.542601
0.542465
0.542378
0.542101
0.541947
0.54195
0.541739
0.541734
0.541562
0.541406
0.541425
0.5415
0.54138
0.541348
0.541408
0.54133
0.541251
0.541165
0.541118
0.54107
0.541136
0.541171
0.541222
0.541172
0.541192
0.541271
0.541398
0.541297
0.5412
0.541131
0.541186
0.541162
0.541192
0.541183
0.54106
0.540982
0.540944
0.541107
0.54111
0.541133
0.541129
0.541058
0.541247
0.54129
0.541306
0.541306
0.54124
0.541432
0.541451
0.541536
0.541359
0.541399
0.541275
0.541205
0.540971
0.540911
0.540897
0.540843
0.540808
0.54077
0.540818
0.540787
0.54075
0.54083
0.540939
0.541037
0.541095
0.541032
0.540964
0.54113
0.541002
0.540952
0.540904
0.540926
0.54085
0.5408
0.540886
0.540938
0.540924
0.540892
0.540966
0.541044
0.541059
0.541168
0.541162
0.541257
0.54119
0.541155
0.54109
0.541214
0.54119
0.541141
0.541122
0.541134
0.541107
0.541056
0.540985
0.54094
0.540836
0.540713
0.540621
0.540754
0.540751
0.540769
0.540798
0.540772
0.540767
0.540835
0.54086
0.540776
0.540822
0.540783
0.54071
0.540754
0.540709
0.540571
0.540715
0.540691
0.540657
0.540686
0.540653
0.540681
0.540603
0.540525
0.540538
0.540501
0.540441
0.540402
0.540517
0.54055
0.540657
0.540725
0.540727
0.540788
0.540848
0.540884
0.540927
0.541053
0.540818
0.54085
0.540842
0.54078
0.540749
0.54069
0.540705
0.540687
0.540598
0.540641
0.540597
0.540577
0.540604
0.54067
0.540673
0.540517
0.540526
0.540487
0.540417
0.540452
0.540452
0.540455
0.540411
0.540444
0.54041
0.540391
0.540453
0.540472
0.540595
0.540551
0.540537
0.540513
0.540507
0.540494
0.540486
0.54044
0.540472
0.540505
0.540494
0.540517
0.54051
0.540494
0.540561
0.540581
0.540648
0.540625
0.540606
0.540547
0.540459
0.54044
0.540363
0.540396
0.540332
0.54035
0.540275
0.540275
0.540323
0.540228
0.540322
0.540384
0.540367
0.540382
0.540415
0.54035
0.540277
0.540242
0.540166
0.540176
0.540137
0.540144
0.540059
0.54001
0.539924
0.539866
0.539885
0.539867
0.539881
0.539898
0.539853
0.539857
0.539868
0.539773
0.53984
0.539801
0.53977
0.539704
0.539726
0.539668
0.539613
0.539726
0.539701
0.539696
0.539673
0.53968
0.53967
0.53962
0.539685
0.539733
0.539777
0.539784
0.539824
0.53985
0.539904
0.539985
0.540046
0.54002
0.539967
0.540059
0.540058
0.540014
0.539944
0.539933
0.539878
0.539913
0.539872
0.53984
0.539868
0.539798
0.539801
0.539809
0.539859
0.539831
0.539809
0.539902
0.539885
0.539882
0.539906
0.539917
0.539963
0.54001
0.540005
0.540068
0.540063
0.539919
0.539915
0.539918
0.539871
0.539817
0.539799
0.539736
0.539739
0.53981
0.539816
0.539775
0.539795
0.539726
0.539739
0.539757
0.539759
0.539695
0.539691
0.539737
0.539775
0.539713
0.539737
0.539735
0.539657
0.539612
0.539671
0.53962
0.539621
0.539568
0.539624
0.539607
0.539592
0.539529
0.539476
0.539404
0.539403
0.539372
0.53934
0.539356
0.53935
0.539406
0.539362
0.53927
0.539193
0.539183
0.539213
0.53916
0.539175
0.539195
0.539143
0.539125
0.53905
0.539046
0.53907
0.539159
0.539166
0.539189
0.539144
0.539099
0.539187
0.539128
0.539158
0.53911
0.539057
0.539079
0.538981
0.538971
0.53897
0.53905
0.539019
0.538993
0.538905
0.538913
0.538942
0.538974
0.538872
0.538851
0.538803
0.538759
0.538828
0.538791
0.538836
0.538752
0.538789
0.538795
0.538778
0.538801
0.538787
0.538798
0.538767
0.538764
0.538764
0.538797
0.538818
0.538827
0.538795
0.538729
0.53874
0.538704
0.538725
0.538676
0.53872
0.538743
0.538743
0.538698
0.538641
0.538624
0.538616
0.538611
0.538621
0.53862
0.538647
0.538683
0.538715
0.538704
0.538675
0.538644
0.538638
0.538606
0.538624
0.538618
0.538665
0.538621
0.538587
0.53857
0.538609
0.5386
0.538604
0.53856
0.538562
0.538618
0.538591
0.53858
0.538606
0.538576
0.538537
0.538521
0.538428
0.538379
0.53839
0.538374
0.538388
0.53836
0.538319
0.538357
0.538401
0.538425
0.538426
0.538322
0.538395
0.538387
0.53841
0.538421
0.538423
0.538455
0.538433
0.538454
0.538474
0.538403
0.538362
0.538354
0.538316
0.538246
0.538269
0.538245
0.538201
0.538219
0.538228
0.538186
0.53818
0.538139
0.538167
0.538144
0.538159
0.538221
0.538192
0.53814
0.538149
0.538153
0.538177
0.53816
0.538117
0.538131
0.538161
0.53816
0.538135
0.538156
0.538217
0.538187
0.538187
0.538199
0.538218
0.538231
0.538194
0.538187
0.538204
0.538226
0.53818
0.538212
0.538183
0.53819
0.538241
0.538198
0.538222
0.538195
0.538178
0.538191
0.538205
0.538208
0.538191
0.538113
0.538131
0.538066
0.538019
0.538023
0.537981
0.537948
0.537917
0.537886
0.537889
0.537923
0.537886
0.537854
0.537861
0.537873
0.537846
0.537837
0.537836
0.537785
0.537793
0.537762
0.537754
0.537736
0.537772
0.537786
0.537787
0.537797
0.537753
0.537688
0.537686
0.537747
0.537691
0.537712
0.537752
0.537758
0.537747
0.537708
0.537693
0.53766
0.537651
0.537608
0.537633
0.537656
0.537658
0.537647
0.537632
0.537582
0.537623
0.537613
0.537647
0.537628
0.537635
0.537655
0.537621
0.537565
0.537555
0.537549
0.537533
0.537525
0.537479
0.537499
0.537478
0.53752
0.537493
0.537498
0.53748
0.537462
0.537473
0.537467
0.537411
0.537384
0.537405
0.537428
0.537365
0.537333
0.537328
0.53734
0.537293
0.537312
0.537285
0.537294
0.537239
0.537157
0.537145
0.537136
0.537102
0.537126
0.53711
0.537109
0.537079
0.537028
0.537054
0.537107
0.537099
0.537113
0.537129
0.537131
0.537141
0.537135
0.537125
0.537124
0.537086
0.537055
0.537136
0.537113
0.537118
0.537115
0.537125
0.537083
0.537009
0.537007
0.536965
0.536965
0.536976
0.536979
0.536945
0.536973
0.536951
0.536955
0.536994
0.537
0.536987
0.537022
0.536985
0.536953
0.536923
0.536882
0.536873
0.536841
0.536843
0.536852
0.536826
0.536807
0.53679
0.536796
0.536839
0.536828
0.536803
0.536796
0.536801
0.536744
0.536776
0.536769
0.536743
0.536707
0.536731
0.536748
0.536739
0.536743
0.536716
0.53673
0.536695
0.536695
0.5367
0.53671
0.536741
0.536724
0.536692
0.536719
0.536717
0.53673
0.536754
0.53677
0.536767
0.536814
0.536787
0.536791
0.53681
0.536791
0.536758
0.536741
0.536718
0.536782
0.536796
0.536824
0.536812
0.536848
0.536841
0.536872
0.536851
0.536835
0.536855
0.536832
0.536874
0.536884
0.536872
0.536879
0.536885
0.536915
0.536894
0.536865
0.53683
0.536803
0.536749
0.536738
0.536714
0.536709
0.536717
0.536683
0.536691
0.536703
0.536736
0.536731
0.536708
0.536747
0.536734
0.53676
0.536822
0.536832
0.536823
0.536834
0.536829
0.536854
0.536825
0.536846
0.536855
0.536865
0.536861
0.536904
0.536893
0.536935
0.536957
0.536968
0.536936
0.536924
0.536877
0.536843
0.536806
0.536807
0.536815
0.536763
0.536758
0.536741
0.536727
0.536728
0.536709
0.536664
0.536648
0.536654
0.536609
0.536598
0.536574
0.536581
0.536591
0.536606
0.536634
0.53662
0.536654
0.536646
0.536621
0.536599
0.536604
0.536565
0.536517
0.536517
0.536511
0.536487
0.536466
0.536452
0.536434
0.536446
0.53643
0.536371
0.536347
0.536279
0.536258
0.536281
0.536292
0.536263
0.536292
0.536327
0.536314
0.536313
0.536312
0.536299
0.536275
0.536226
0.536234
0.536254
0.536242
0.536221
0.536205
0.53625
0.53627
0.536292
0.53632
0.536336
0.53634
