0.881279
0.843419
0.839899
0.827965
0.814905
0.799597
0.781391
0.770408
0.752186
0.733303
0.726801
0.718982
0.712518
0.704844
0.696867
0.688413
0.680717
0.676259
0.670426
0.664866
0.659179
0.651715
0.646082
0.641063
0.635441
0.630696
0.626631
0.619482
0.614206
0.609406
0.60466
0.600575
0.59673
0.593046
0.589387
0.58479
0.581676
0.578417
0.574441
0.570348
0.566368
0.563515
0.559653
0.555421
0.551641
0.54853
0.545652
0.541831
0.538045
0.534635
0.531943
0.528303
0.526218
0.522979
0.520717
0.517955
0.515377
0.513546
0.510844
0.50856
0.506455
0.504625
0.502838
0.500948
0.498898
0.496901
0.494021
0.491095
0.489321
0.487737
0.485754
0.483792
0.481984
0.479562
0.478056
0.475911
0.474099
0.472903
0.471865
0.470744
0.469599
0.468668
0.466894
0.465662
0.464342
0.463741
0.462815
0.461756
0.460482
0.459319
0.458306
0.45756
0.456688
0.45584
0.454635
0.454022
0.453329
0.452366
0.45169
0.45073
0.449704
0.44899
0.448431
0.447406
0.446535
0.445665
0.444859
0.443892
0.443224
0.442435
0.441308
0.440395
0.439294
0.43814
0.437175
0.436455
0.435507
0.434914
0.434195
0.433149
0.432661
0.431732
0.430901
0.430086
0.428907
0.4284
0.427818
0.426711
0.425736
0.424772
0.42386
0.422587
0.421793
0.420851
0.419903
0.418681
0.417804
0.417132
0.415964
0.415235
0.414306
0.413439
0.412562
0.412064
0.411268
0.410853
0.410051
0.4089
0.407951
0.407221
0.406338
0.405713
0.404967
0.404153
0.403404
0.402853
0.402167
0.401498
0.400995
0.400443
0.400004
0.399803
0.399681
0.399184
0.398791
0.398341
0.39779
0.397318
0.397097
0.396684
0.396396
0.395825
0.395321
0.394975
0.394848
0.394778
0.394622
0.394511
0.394588
0.394405
0.394353
0.394231
0.394172
0.394259
0.394179
0.394056
0.393925
0.393785
0.393811
0.393525
0.393702
0.393463
0.393513
0.393149
0.392855
0.392942
0.392753
0.392761
0.392725
0.392574
0.392711
0.392429
0.392627
0.392635
0.392731
0.392332
0.392369
0.392624
0.392723
0.392656
0.39269
0.392754
0.392654
0.392619
0.392394
0.392411
0.392323
0.392187
0.392173
0.391915
0.391521
0.391537
0.391409
0.39119
0.391195
0.390862
0.390641
0.390773
0.390564
0.39063
0.390397
0.390406
0.390392
0.390418
0.390271
0.390333
0.39031
0.390331
0.390161
0.389911
0.390062
0.389908
0.390007
0.389802
0.389841
0.389799
0.389833
0.389775
0.389707
0.38971
0.389883
0.38988
0.389784
0.389812
0.389827
0.389683
0.389785
0.389783
0.389761
0.389684
0.389726
0.389664
0.38971
0.389823
0.389901
0.389852
0.389651
0.38978
0.389814
0.389754
0.389798
0.389821
0.389846
0.389905
0.389936
0.389816
0.389733
0.389724
0.389728
0.389684
0.389695
0.389773
0.389922
0.389834
0.38982
0.389917
0.389964
0.390027
0.390074
0.390035
0.390128
0.39028
0.390084
0.390049
0.390073
0.389971
0.389902
0.389719
0.389836
0.390025
0.38998
0.390172
0.390203
0.390285
0.390305
0.390387
0.39032
0.390495
0.390522
0.390537
0.390623
0.390744
0.390807
0.390897
0.390889
0.391011
0.391159
0.391171
0.391212
0.39134
0.391452
0.391459
0.391582
0.391556
0.391597
0.391699
0.391681
0.391844
0.391872
0.391889
0.391957
0.39192
0.391872
0.391746
0.391704
0.391715
0.391658
0.391734
0.391772
0.391837
0.39185
0.391761
0.391845
0.391824
0.391637
0.391675
0.391734
0.391927
0.391991
0.392024
0.392157
0.392245
0.392366
0.392533
0.392437
0.392393
0.392317
0.39239
0.392617
0.392642
0.392696
0.392706
0.39285
0.392989
0.393053
0.393061
0.393078
0.393175
0.393178
0.393059
0.393061
0.393072
0.393102
0.39308
0.393057
0.393024
0.39308
0.393054
0.393137
0.393207
0.393195
0.393276
0.3934
0.393474
0.393485
0.393366
0.393328
0.393412
0.393385
0.39334
0.393273
0.393218
0.393307
0.393395
0.393404
0.393473
0.393521
0.393442
0.393388
0.393475
0.393519
0.393538
0.393617
0.393646
0.393615
0.393621
0.393743
0.393705
0.393772
0.393907
0.393905
0.393847
0.393989
0.394081
0.394134
0.394264
0.394231
0.394331
0.394448
0.394533
0.394516
0.394582
0.394573
0.394581
0.394626
0.394729
0.394773
0.394906
0.394837
0.39497
0.395025
0.395156
0.395149
0.395224
0.395353
0.395359
0.395466
0.395492
0.395611
0.395666
0.395627
0.395719
0.395741
0.39564
0.395602
0.395551
0.3955
0.395495
0.395525
0.395474
0.395476
0.395654
0.395664
0.39575
0.395838
0.395962
0.396045
0.396082
0.396197
0.39629
0.396333
0.396345
0.396422
0.396352
0.396441
0.396496
0.396606
0.396667
0.396596
0.396615
0.396627
0.396577
0.396729
0.396849
0.396913
0.396983
0.39704
0.39706
0.397144
0.397251
0.397393
0.397454
0.397457
0.397504
0.397504
0.397475
0.397586
0.397603
0.397654
0.397741
0.397838
0.397807
0.397779
0.397793
0.397727
0.397749
0.397746
0.397769
0.397801
0.39776
0.397757
0.397768
0.397803
0.397719
0.397662
0.397674
0.397689
0.397593
0.397601
0.397593
0.397596
0.397656
0.397682
0.397762
0.397794
0.397844
0.397836
0.397863
0.397958
0.39804
0.398104
0.398155
0.398211
0.398269
0.39842
0.398522
0.398593
0.398638
0.398661
0.39873
0.398753
0.398888
0.398912
0.398964
0.39911
0.399169
0.399229
0.399169
0.399236
0.399356
0.399424
0.399488
0.399569
0.399574
0.399592
0.399623
0.399707
0.399741
0.399759
0.399837
0.399858
0.399871
0.400015
0.400101
0.400106
0.400112
0.400118
0.400123
0.400131
0.400234
0.400146
0.400132
0.400024
0.40005
0.400069
0.400043
0.400147
0.400273
0.400294
0.40029
0.4004
0.400486
0.400504
0.400541
0.400598
0.400638
0.400751
0.400826
0.400939
0.400994
0.401097
0.401208
0.401202
0.401237
0.40125
0.401283
0.401241
0.401382
0.401379
0.401426
0.401437
0.401436
0.401483
0.401589
0.401614
0.401589
0.401601
0.401646
0.401737
0.401816
0.401811
0.401875
0.401866
0.40189
0.401865
0.401986
0.402033
0.402065
0.402116
0.402192
0.402204
0.402228
0.402242
0.402209
0.402298
0.40228
0.402337
0.402321
0.402281
0.402233
0.402199
0.402266
0.402283
0.402295
0.402301
0.402273
0.402303
0.402347
0.402391
0.402419
0.402447
0.402522
0.402604
0.402723
0.402811
0.402914
0.402972
0.402965
0.402986
0.403119
0.403102
0.40311
0.403139
0.403141
0.403201
0.403241
0.403236
0.403285
0.403312
0.403341
0.403424
0.40347
0.403581
0.403687
0.403754
0.403797
0.403855
0.403837
0.403832
0.403777
0.403812
0.403853
0.403823
0.403823
0.403847
0.403883
0.403893
0.403929
0.404052
0.404097
0.404169
0.404201
0.40424
0.404245
0.404277
0.404315
0.404309
0.404372
0.404488
0.404549
0.404519
0.404527
0.404568
0.404576
0.404674
0.404703
0.404709
0.404754
0.404817
0.404849
0.404886
0.404849
0.404882
0.40488
0.404929
0.404964
0.405061
0.405141
0.405245
0.40529
0.405316
0.405325
0.405297
0.405333
0.40538
0.405399
0.405397
0.405399
0.405455
0.405473
0.405517
0.405523
0.405538
0.405521
0.405575
0.405582
0.405617
0.405638
0.405708
0.405754
0.405781
0.405887
0.405895
0.40588
0.405939
0.406016
0.406077
0.406108
0.406168
0.406265
0.406405
0.406396
0.406349
0.406405
0.406475
0.406481
0.406504
0.406573
0.406617
0.406691
0.406689
0.40672
0.406738
0.406751
0.406726
0.406769
0.406739
0.406722
0.406746
0.406766
0.406836
0.406836
0.406813
0.406779
0.406813
0.406838
0.406807
0.406734
0.406745
0.40677
0.406772
0.406736
0.406713
0.406689
0.406674
0.406681
0.406675
0.406728
0.406712
0.406763
0.40674
0.406793
0.406781
0.406808
0.406858
0.406946
0.406989
0.407098
0.407121
0.407113
0.407218
0.407251
0.407266
0.407232
0.407271
0.407318
0.407299
0.407297
0.4073
0.407378
0.40737
0.407371
0.407434
0.407472
0.407596
0.407664
0.407717
0.407723
0.407772
0.407815
0.407841
0.4079
0.407952
0.407929
0.407953
0.407994
0.408068
0.40804
0.408066
0.408081
0.408102
0.408096
0.408086
0.408087
0.40808
0.408106
0.408137
0.408186
0.408179
0.408177
0.408195
0.408209
0.408208
0.40822
0.408233
0.408271
0.408284
0.408326
0.408353
0.408317
0.408391
0.408381
0.408435
0.408478
0.408452
0.40849
0.408534
0.408613
0.408683
0.40871
0.408765
0.408777
0.408778
0.408811
0.408822
0.408778
0.408726
0.408692
0.40876
0.408776
0.408759
0.40878
0.40879
0.408844
0.408901
0.408929
0.408964
0.409048
0.409066
0.409137
0.409123
0.409149
0.409221
0.409231
0.409296
0.409376
0.409415
0.409412
0.40942
0.409407
0.409363
0.409388
0.409397
0.40938
0.409379
0.409449
0.409535
0.40954
0.409522
0.409497
0.409506
0.409473
0.409458
0.409492
0.409475
0.409528
0.409641
0.409678
0.409719
0.409755
0.409796
0.409783
0.40981
0.409843
0.409891
0.409934
0.409958
0.409983
0.409943
0.409949
0.409919
0.409943
0.409975
0.409976
0.410007
0.409978
0.409979
0.410033
0.41002
0.410064
0.410065
0.410118
0.410141
0.410195
0.410199
0.410267
0.410296
0.410349
0.410359
0.410418
0.41049
0.410514
0.410495
0.410528
0.410492
0.410501
0.410515
0.41055
0.410593
0.410639
0.410709
0.410713
0.410726
0.410774
0.410837
0.410906
0.410998
0.411001
0.410981
0.411043
0.411084
0.41113
0.411128
0.411115
0.411096
0.411117
0.411202
0.411228
0.411315
0.411382
0.411374
0.411329
0.411338
0.411369
0.411359
0.411387
0.411377
0.41141
0.411434
0.411445
0.411423
0.411465
0.411531
0.41157
0.411568
0.411645
0.411673
0.411651
0.411684
0.411736
0.411723
0.411789
0.411822
0.411913
0.411948
0.411959
0.411992
0.411985
0.412027
0.412006
0.412106
0.412166
0.412216
0.412249
0.412286
0.41231
0.4123
0.412289
0.412296
0.412345
0.412412
0.412497
0.412563
0.412612
0.412612
0.412615
0.412634
0.412667
0.412797
