0.77551
0.79056
0.782353
0.762675
0.74691
0.721102
0.696648
0.673929
0.65367
0.634536
0.62384
0.613086
0.603978
0.59273
0.584027
0.576084
0.569278
0.562955
0.555993
0.55021
0.543689
0.539256
0.533929
0.530561
0.525418
0.518221
0.513997
0.511277
0.508938
0.503797
0.49778
0.492925
0.489152
0.484844
0.479111
0.474295
0.471029
0.468171
0.463181
0.461435
0.458468
0.455848
0.453486
0.451045
0.449426
0.446613
0.444528
0.441236
0.439733
0.437873
0.435038
0.432794
0.430934
0.427879
0.426551
0.424811
0.422247
0.420716
0.418546
0.417482
0.41503
0.413057
0.411299
0.408804
0.407137
0.404614
0.402697
0.400909
0.399449
0.398075
0.396365
0.394424
0.392518
0.391468
0.389985
0.388191
0.386263
0.385712
0.384718
0.38342
0.38256
0.381835
0.381542
0.380413
0.379523
0.378908
0.378151
0.3774
0.37692
0.376544
0.375934
0.375344
0.375114
0.373987
0.373834
0.373463
0.372308
0.371863
0.371291
0.370522
0.369893
0.369287
0.368927
0.367798
0.367038
0.366406
0.365617
0.364584
0.363932
0.363206
0.362357
0.361342
0.360069
0.358379
0.357902
0.356255
0.355492
0.354678
0.354001
0.353334
0.353003
0.352356
0.351776
0.351204
0.350251
0.349401
0.348438
0.347408
0.346619
0.345658
0.344913
0.344306
0.343665
0.342404
0.342219
0.341889
0.340892
0.339612
0.338565
0.337718
0.337064
0.336255
0.335663
0.334994
0.334253
0.333481
0.332599
0.331953
0.331446
0.330498
0.329801
0.329423
0.329035
0.32846
0.32783
0.326996
0.326851
0.326562
0.326319
0.325769
0.325201
0.324742
0.324487
0.324057
0.323404
0.32307
0.32271
0.322546
0.322318
0.322097
0.321895
0.321564
0.321343
0.320996
0.320695
0.320267
0.320191
0.319925
0.319789
0.319663
0.319305
0.318883
0.318953
0.318733
0.318496
0.318629
0.318686
0.318562
0.318401
0.318546
0.318597
0.318453
0.318417
0.318576
0.318517
0.318436
0.318161
0.318516
0.318701
0.318895
0.318818
0.318659
0.318362
0.318398
0.317843
0.317882
0.318075
0.318131
0.317992
0.318378
0.318692
0.318761
0.318728
0.318635
0.318591
0.318454
0.317924
0.317982
0.317757
0.317518
0.317329
0.317373
0.317179
0.317239
0.317521
0.317274
0.317041
0.317199
0.317308
0.317174
0.317024
0.316952
0.316982
0.316997
0.316994
0.317008
0.316923
0.316651
0.316441
0.316536
0.316545
0.316522
0.316314
0.316663
0.316609
0.316583
0.316467
0.316381
0.31614
0.316098
0.315981
0.315796
0.315653
0.315581
0.315481
0.31538
0.315313
0.315185
0.31526
0.315153
0.315058
0.315264
0.315446
0.315479
0.315617
0.315464
0.315349
0.315267
0.315388
0.315462
0.315322
0.315551
0.315773
0.315772
0.315809
0.315626
0.315754
0.316025
0.316152
0.316076
0.315987
0.316013
0.316121
0.316168
0.31626
0.31657
0.316591
0.316606
0.31687
0.316807
0.31661
0.31664
0.316625
0.316467
0.31642
0.316336
0.316182
0.316047
0.315961
0.316036
0.315948
0.315989
0.316005
0.316068
0.316115
0.316167
0.316112
0.316164
0.316396
0.316609
0.316573
0.316382
0.316695
0.316933
0.316962
0.317061
0.317163
0.31711
0.31732
0.317384
0.317399
0.317575
0.317658
0.31774
0.317946
0.318134
0.318133
0.317944
0.318062
0.318108
0.318351
0.318304
0.318196
0.318021
0.318177
0.318311
0.318334
0.318306
0.318133
0.318099
0.318237
0.318178
0.318059
0.318105
0.318004
0.31788
0.317698
0.317793
0.317738
0.317836
0.317941
0.318107
0.318132
0.318216
0.318401
0.31839
0.31844
0.318734
0.31859
0.318629
0.318767
0.318843
0.3189
0.318853
0.31891
0.31903
0.319123
0.319173
0.319201
0.319231
0.319199
0.319209
0.319115
0.319138
0.319123
0.319296
0.319516
0.319464
0.319589
0.319659
0.319546
0.319596
0.31955
0.319596
0.31961
0.319539
0.31969
0.319794
0.319967
0.320174
0.320296
0.320454
0.32067
0.32054
0.320698
0.320627
0.320618
0.320642
0.32067
0.320845
0.320875
0.321075
0.321072
0.321223
0.321405
0.3214
0.321388
0.321233
0.321256
0.321329
0.321407
0.321474
0.321689
0.321911
0.321984
0.321876
0.321841
0.321827
0.321805
0.321784
0.321912
0.321975
0.322021
0.322284
0.322293
0.322251
0.322203
0.322276
0.322342
0.322347
0.322507
0.322564
0.322613
0.322749
0.322761
0.32279
0.32293
0.323064
0.323255
0.323297
0.323219
0.323256
0.323217
0.323277
0.323177
0.323103
0.322984
0.323076
0.322989
0.323062
0.323007
0.323086
0.323139
0.323195
0.323211
0.323342
0.323391
0.32339
0.323478
0.323462
0.323486
0.323428
0.323477
0.323391
0.323508
0.323502
0.323633
0.323685
0.323804
0.323806
0.323818
0.323831
0.323854
0.323877
0.323994
0.324062
0.324015
0.32402
0.324021
0.32421
0.324364
0.324243
0.324273
0.324324
0.324385
0.324357
0.324376
0.324265
0.324341
0.324259
0.324464
0.324445
0.324465
0.324498
0.324565
0.324495
0.324504
0.324554
0.324542
0.324556
0.324591
0.324522
0.324421
0.324417
0.324326
0.324308
0.324197
0.324287
0.324275
0.324324
0.324385
0.324341
0.324258
0.3242
0.32422
0.324248
0.324226
0.324357
0.324434
0.324429
0.324482
0.324527
0.324744
0.324704
0.324824
0.324882
0.32487
0.324928
0.324949
0.324973
0.324948
0.32501
0.325108
0.325216
0.325355
0.325426
0.325379
0.325517
0.325519
0.325468
0.325469
0.325573
0.325587
0.32562
0.325631
0.325554
0.325697
0.325913
0.325868
0.325886
0.326042
0.326055
0.326009
0.32596
0.325925
0.325882
0.325797
0.325636
0.325768
0.325725
0.325724
0.325803
0.325733
0.325722
0.325825
0.325826
0.325835
0.32596
0.326067
0.326097
0.326111
0.326119
0.326188
0.326136
0.326219
0.326255
0.326307
0.3264
0.326427
0.326538
0.326624
0.326729
0.326743
0.326768
0.326755
0.326822
0.326823
0.326823
0.32677
0.326918
0.326931
0.327023
0.327
0.326969
0.327044
0.327005
0.327016
0.327057
0.327094
0.327221
0.327201
0.327348
0.327426
0.327484
0.327388
0.327417
0.327593
0.327685
0.327723
0.327752
0.327924
0.32793
0.327914
0.327939
0.3281
0.328249
0.328146
0.328181
0.328081
0.328066
0.328131
0.328162
0.328203
0.328257
0.328331
0.328525
0.328686
0.328795
0.328782
0.328809
0.328831
0.328923
0.329047
0.329168
0.329178
0.329275
0.329349
0.329355
0.329384
0.329299
0.329319
0.329298
0.329311
0.329359
0.329467
0.32955
0.3296
0.329631
0.329672
0.329796
0.329833
0.329845
0.329805
0.329886
0.329806
0.329801
0.329867
0.329843
0.329817
0.329888
0.329965
0.330017
0.330089
0.330062
0.330036
0.3301
0.330164
0.330029
0.330055
0.330147
0.330086
0.33014
0.330236
0.330315
0.330454
0.330455
0.330505
0.330454
0.330489
0.33053
0.33055
0.330658
0.330737
0.330705
0.330569
0.330541
0.330608
0.330645
0.330697
0.330767
0.330861
0.330904
0.330958
0.33095
0.331049
0.331049
0.331019
0.331097
0.331109
0.331201
0.331287
0.331341
0.331287
0.331287
0.331278
0.331304
0.331333
0.331204
0.331259
0.33128
0.331429
0.331472
0.331527
0.331614
0.331628
0.331703
0.331711
0.331792
0.331751
0.331692
0.331706
0.331751
0.331762
0.331833
0.331878
0.33194
0.331993
0.332046
0.332151
0.332209
0.332264
0.332269
0.332293
0.332453
0.332488
0.332388
0.332488
0.332573
0.332633
0.332612
0.332644
0.33258
0.332576
0.332563
0.332625
0.332648
0.332683
0.332672
0.332665
0.332735
0.332775
0.3329
0.332928
0.332906
0.332879
0.332836
0.332801
0.332788
0.332775
0.332795
0.332798
0.332777
0.33274
0.332825
0.332823
0.332821
0.332843
0.33289
0.332963
0.332996
0.333085
0.333088
0.333102
0.333207
0.33324
0.333183
0.333216
0.333259
0.333243
0.333211
0.333248
0.333246
0.333206
0.33328
0.333312
0.333354
0.333378
0.333423
0.333373
0.333489
0.333541
0.333701
0.333769
0.33387
0.333859
0.333819
0.333839
0.33386
0.333869
0.333939
0.333985
0.334031
0.334061
0.334111
0.334136
0.334138
0.334178
0.334229
0.334145
0.334165
0.334159
0.33416
0.334075
0.334041
0.334007
0.334042
0.333954
0.333992
0.333998
0.334026
0.333972
0.333999
0.333988
0.334027
0.334029
0.334048
0.33406
0.334167
0.334196
0.334306
0.334282
0.334273
0.334235
0.334368
0.334462
0.334376
0.334464
0.334443
0.334439
0.33451
0.334634
0.334653
0.334799
0.334854
0.334776
0.33489
0.334868
0.334862
0.33488
0.334932
0.334986
0.335057
0.335116
0.335187
0.335258
0.335409
0.335442
0.335503
0.335493
0.33552
0.335525
0.335535
0.335604
0.335614
0.335575
0.335578
0.335551
0.335589
0.335658
0.33573
0.335717
0.335724
0.335731
0.335719
0.335718
0.33573
0.335685
0.335668
0.335628
0.335632
0.33566
0.335629
0.33561
0.33564
0.335633
0.335684
0.33571
0.335734
0.335829
0.335871
0.335894
0.335842
0.335937
0.336002
0.336066
0.336093
0.336106
0.336164
0.336232
0.336208
0.336196
0.336214
0.336261
0.336188
0.33625
0.336283
0.336324
0.336373
0.336414
0.336427
0.33646
0.336473
0.336592
0.336636
0.336622
0.336606
0.336691
0.336706
0.336732
0.33674
0.336812
0.336908
0.336918
0.337
0.337013
0.337063
0.337117
0.337145
0.337174
0.33719
0.337173
0.337205
0.337163
0.33715
0.33716
0.337191
0.33721
0.337253
0.3373
0.337359
0.337381
0.337319
0.337368
0.337393
0.337404
0.337461
0.337555
0.337624
0.337636
0.337673
0.337671
0.337695
0.337703
0.337724
0.337789
0.337855
0.33785
0.337876
0.337904
0.337919
0.337972
0.337933
0.337907
0.337867
0.337929
0.33792
0.338006
0.338057
0.33806
0.338126
0.338143
0.338169
0.338138
0.338206
0.338183
0.338172
0.338212
0.338269
0.338246
0.338347
0.338378
0.338382
0.338397
0.33837
0.338388
0.338394
0.338463
0.338469
0.3385
0.33854
0.338573
0.338555
0.338563
0.338587
0.338599
0.338597
0.338661
0.338702
0.338747
