0.499006
0.472441
0.489556
0.49211
0.491989
0.498058
0.501524
0.507459
0.511643
0.513077
0.514708
0.514765
0.511474
0.51096
0.512514
0.512041
0.51236
0.513261
0.513194
0.514082
0.513109
0.512769
0.513397
0.5146
0.512089
0.511144
0.510015
0.510622
0.510821
0.510213
0.511295
0.511893
0.512809
0.513629
0.513528
0.513578
0.512724
0.511756
0.512192
0.511879
0.512602
0.513189
0.51307
0.512438
0.51201
0.51247
0.512487
0.512627
0.5116
0.511486
0.511049
0.511337
0.512017
0.512083
0.511159
0.511133
0.511204
0.510927
0.510658
0.510504
0.509748
0.509193
0.508866
0.508726
0.507884
0.507972
0.507994
0.508
0.508393
0.50886
0.509436
0.509747
0.510123
0.510293
0.51046
0.510469
0.510261
0.510834
0.511177
0.511378
0.511288
0.511621
0.511769
0.511316
0.511701
0.511897
0.511755
0.511721
0.511564
0.511422
0.510911
0.51095
0.510775
0.510655
0.510526
0.510163
0.509878
0.50979
0.509254
0.509037
0.508884
0.50869
0.508669
0.508341
0.50799
0.507114
0.506878
0.50641
0.506148
0.505992
0.506063
0.506221
0.506588
0.50697
0.5073
0.507443
0.507639
0.50768
0.50755
0.507591
0.50747
0.507197
0.506745
0.506482
0.50649
0.506197
0.505849
0.505558
0.505305
0.504979
0.504965
0.504796
0.504708
0.504516
0.504623
0.504345
0.504444
0.504481
0.504538
0.504632
0.504662
0.504684
0.504884
0.505057
0.505365
0.505681
0.505709
0.505904
0.505962
0.506194
0.506337
0.506377
0.506596
0.50662
0.506455
0.506537
0.506592
0.506844
0.507023
0.506908
0.50671
0.506521
0.506769
0.506814
0.506818
0.506708
0.507101
0.507382
0.507248
0.50743
0.507626
0.507788
0.50778
0.507701
0.507864
0.508076
0.508432
0.508401
0.508448
0.508566
0.508367
0.508273
0.508052
0.508101
0.507995
0.507953
0.507624
0.507513
0.507378
0.507409
0.507521
0.507485
0.507724
0.507937
0.508005
0.508094
0.507921
0.507984
0.507954
0.507938
0.507947
0.507847
0.507912
0.50807
0.507987
0.507889
0.507809
0.507767
0.507612
0.507436
0.507422
0.507392
0.507407
0.507262
0.507308
0.507002
0.506938
0.506828
0.506763
0.506621
0.506742
0.506801
0.506852
0.506855
0.506796
0.50706
0.506971
0.506952
0.506879
0.506786
0.507008
0.507153
0.507238
0.507306
0.507227
0.507343
0.507553
0.507717
0.507763
0.507945
0.507935
0.508027
0.508039
0.508035
0.508151
0.508123
0.508019
0.507962
0.508063
0.508124
0.508232
0.508127
0.508312
0.508338
0.50834
0.508246
0.50829
0.508248
0.508276
0.508298
0.508326
0.508272
0.508228
0.508182
0.508089
0.507997
0.507953
0.507984
0.507952
0.507857
0.50791
0.507982
0.508103
0.508206
0.508231
0.508247
0.508346
0.508378
0.508559
0.508452
0.508378
0.50847
0.50843
0.508389
0.508375
0.508244
0.508103
0.507983
0.508056
0.508022
0.508046
0.508126
0.508254
0.50838
0.508358
0.508567
0.508744
0.508829
0.508953
0.509122
0.509111
0.509145
0.509167
0.509197
0.50932
0.50937
0.50947
0.50951
0.509368
0.509536
0.509566
0.509468
0.509468
0.509483
0.509499
0.509458
0.509432
0.509307
0.509265
0.509209
0.509358
0.509453
0.509428
0.50946
0.509315
0.509405
0.509391
0.509304
0.509276
0.509287
0.50933
0.509355
0.509316
0.509137
0.509166
0.509244
0.509152
0.50921
0.509199
0.509274
0.509319
0.509327
0.509229
0.509227
0.509326
0.509329
0.509376
0.509308
0.509257
0.509249
0.509209
0.509085
0.509124
0.509157
0.509076
0.508928
0.508759
0.508629
0.508529
0.508405
0.508466
0.508488
0.508391
0.508472
0.508414
0.508473
0.508539
0.508449
0.508418
0.508424
0.508423
0.508412
0.508449
0.508503
0.508529
0.508573
0.508608
0.508722
0.508837
0.508847
0.508803
0.508749
0.508742
0.508758
0.508656
0.508656
0.508636
0.50857
0.50867
0.508742
0.508778
0.508712
0.508616
0.508599
0.508555
0.508552
0.508424
0.508278
0.508207
0.508152
0.508131
0.508158
0.50822
0.50832
0.508256
0.508163
0.508204
0.508125
0.508074
0.508076
0.508114
0.508141
0.508161
0.508146
0.508147
0.508095
0.508119
0.508046
0.508052
0.508004
0.508082
0.508169
0.508274
0.508373
0.508416
0.508478
0.508518
0.508566
0.508594
0.508621
0.508618
0.50858
0.508552
0.508451
0.508221
0.508179
0.50816
0.507977
0.507876
0.507809
0.507812
0.507879
0.507835
0.507926
0.507955
0.508027
0.508018
0.508053
0.508147
0.508147
0.50822
0.508196
0.508128
0.508029
0.508041
0.508056
0.508022
0.507973
0.507914
0.507856
0.507853
0.507836
0.507807
0.507788
0.507865
0.507853
0.507809
0.507779
0.507752
0.507784
0.50784
0.50785
0.507891
0.507924
0.507912
0.507879
0.507853
0.507854
0.507896
0.508041
0.507956
0.507814
0.507921
0.507944
0.507894
0.507901
0.507899
0.507918
0.507834
0.507799
0.507754
0.507642
0.507578
0.507543
0.50755
0.507536
0.507457
0.507436
0.507424
0.507388
0.507484
0.507488
0.507481
0.507527
0.507552
0.507627
0.50768
0.50771
0.507766
0.507773
0.50781
0.507824
0.507868
0.507842
0.507864
0.507878
0.507942
0.507969
0.507934
0.507952
0.508007
0.50804
0.508132
0.508194
0.508229
0.508281
0.508271
0.508243
0.508231
0.508191
0.508176
0.508183
0.508212
0.508195
0.508191
0.508192
0.50812
0.508148
0.508106
0.508145
0.508203
0.508179
0.50817
0.508195
0.508236
0.50816
0.508218
0.508017
0.507898
0.507851
0.507785
0.507835
0.507797
0.507723
0.507669
0.507668
0.507668
0.507673
0.507654
0.507694
0.507752
0.507836
0.507836
0.507881
0.50793
0.50792
0.507959
0.507925
0.507987
0.507994
0.507954
0.507927
0.507926
0.507871
0.507849
0.507827
0.507751
0.507717
0.507696
0.507724
0.507789
0.507882
0.507855
0.507793
0.507865
0.507921
0.507939
0.50796
0.507965
0.507989
0.508029
0.508059
0.508016
0.508
0.507988
0.508042
0.507969
0.507941
0.507919
0.507966
0.507915
0.507922
0.507882
0.507861
0.507875
0.507867
0.507849
0.507788
0.507781
0.507726
0.507677
0.507661
0.507637
0.507647
0.507628
0.507708
0.507701
0.50777
0.507844
0.507856
0.507879
0.507943
0.507952
0.508006
0.508018
0.508123
0.508113
0.508179
0.508228
0.508219
0.508224
0.508289
0.508258
0.508209
0.508185
0.508164
0.50813
0.508133
0.508147
0.508173
0.508178
0.508165
0.508151
0.508088
0.508046
0.508085
0.508103
0.50813
0.508164
0.508177
0.508194
0.508145
0.508161
0.50815
0.50816
0.508146
0.508122
0.508082
0.507996
0.507951
0.50793
0.507941
0.507987
0.507941
0.507915
0.507968
0.507974
0.507902
0.507984
0.507937
0.507937
0.507949
0.50796
0.507915
0.50782
0.507797
0.507727
0.507736
0.507763
0.507813
0.507804
0.507787
0.507747
0.507716
0.507669
0.507679
0.507787
0.507772
0.50779
0.507798
0.507863
0.50787
0.507851
0.507923
0.507984
0.507992
0.507966
0.508038
0.508071
0.508155
0.508225
0.50828
0.508267
0.508308
0.508318
0.508332
0.508337
0.508332
0.508314
0.508366
0.508441
0.508413
0.508452
0.508429
0.508426
0.508503
0.508432
0.508382
0.508402
0.508384
0.508383
0.508431
0.508395
0.508401
0.508388
0.508384
0.508353
0.508436
0.508386
0.508403
0.508408
0.508467
0.508449
0.508418
0.508443
0.508398
0.508373
0.508373
0.508347
0.50842
0.508435
0.508441
0.508432
0.508334
0.508325
0.508297
0.508332
0.508268
0.508248
0.508266
0.508271
0.508275
0.50828
0.508203
0.508153
0.508142
0.508152
0.508202
0.508262
0.508241
0.508211
0.508193
0.50821
0.508185
0.508255
0.5083
0.508304
0.508245
0.508299
0.508294
0.508248
0.508172
0.508091
0.508055
0.508037
0.508062
0.508037
0.507948
0.50794
0.507923
0.507908
0.507885
0.50788
0.507926
0.507949
0.507931
0.507942
0.507953
0.507931
0.507952
0.507926
0.507927
0.507927
0.507938
0.507947
0.507956
0.507984
0.507971
0.507927
0.507914
0.50791
0.50786
0.507815
0.507832
0.507842
0.507819
0.507783
0.507732
0.507732
0.507758
0.507732
0.507741
0.507684
0.507708
0.507718
0.507722
0.507725
0.507738
0.507724
0.507701
0.507743
0.50773
0.507728
0.507707
0.507749
0.507782
0.50782
0.507859
0.507868
0.507876
0.507924
0.507863
0.507857
0.507883
0.507814
0.507821
0.507827
0.507799
0.50779
0.507743
0.507752
0.507709
0.507698
0.507646
0.507634
0.507613
0.507603
0.50764
0.507665
0.507605
0.507636
0.507676
0.507694
0.507694
0.507739
0.507751
0.507727
0.50776
0.507816
0.507801
0.507777
0.507792
0.507775
0.507779
0.507751
0.507731
0.507716
0.507713
0.507692
0.507644
0.507616
0.507607
0.507557
0.507626
0.507664
0.507613
0.507649
0.507639
0.507676
0.507687
0.507663
0.507643
0.507644
0.507611
0.507639
0.50764
0.507618
0.507595
0.507551
0.507535
0.50751
0.507501
0.507487
0.507458
0.507415
0.507386
0.507349
0.507286
0.507256
0.507208
0.507213
0.507255
0.507298
0.507352
0.507376
0.507395
0.507374
0.507392
0.507357
0.507381
0.507332
0.507342
0.507342
0.507323
0.50733
0.507369
0.507354
0.507354
0.507344
0.507308
0.507252
0.507261
0.507275
0.507286
0.50732
0.507287
0.50726
0.507244
0.507239
0.507225
0.507269
0.507215
0.507197
0.507196
0.507191
0.507153
0.507177
0.50717
0.507174
0.507166
0.507159
0.507145
0.507119
0.507117
0.507152
0.507137
0.507143
0.507183
0.507162
0.507188
0.507179
0.507186
0.507199
0.507209
0.507236
0.507237
0.507258
0.50726
0.50726
0.507291
0.507278
0.507275
0.507297
0.507281
0.507276
0.507264
0.507192
0.507167
0.507143
0.507146
0.507116
0.507142
0.507107
0.507127
0.507088
0.507094
0.507054
0.507026
0.50699
0.506982
0.507006
0.50702
0.507023
0.506987
0.506979
0.506981
0.506984
0.506929
0.506908
