0.865185
0.841246
0.835317
0.832033
0.8114
0.794066
0.782618
0.763977
0.748331
0.732245
0.726764
0.718827
0.713311
0.708475
0.703488
0.698584
0.691318
0.684748
0.680488
0.674017
0.666338
0.659922
0.653914
0.647556
0.64094
0.635497
0.629783
0.625202
0.620016
0.614529
0.610625
0.607179
0.603093
0.599344
0.595298
0.591688
0.587156
0.582783
0.579557
0.576838
0.574274
0.571191
0.568418
0.565811
0.562743
0.560104
0.5577
0.554883
0.552677
0.550456
0.547602
0.544597
0.542012
0.539621
0.537094
0.535378
0.532924
0.530754
0.529303
0.527743
0.526297
0.524264
0.522305
0.520678
0.518929
0.517024
0.516206
0.514721
0.513525
0.511642
0.510417
0.508895
0.507798
0.506724
0.50556
0.50393
0.502716
0.50233
0.50116
0.500087
0.498744
0.497484
0.496581
0.496051
0.495513
0.494837
0.494309
0.493292
0.492141
0.491642
0.490203
0.489859
0.489042
0.488305
0.487578
0.486735
0.486147
0.485221
0.484028
