0.806154
0.802147
0.787602
0.775401
0.757429
0.732529
0.710401
0.688764
0.661237
0.647023
0.641033
0.63531
0.628564
0.621581
0.613317
0.607701
0.602709
0.596288
0.588819
0.581001
0.575451
0.570632
0.567412
0.561108
0.554814
0.548805
0.543446
0.53642
0.529857
0.526632
0.521739
0.517297
0.514706
0.509831
0.505572
0.501954
0.498877
0.494693
0.490576
0.488511
0.486711
0.483744
0.481054
0.478011
0.476282
0.474589
0.472771
0.469189
0.467955
0.466874
0.463654
0.461709
0.458751
0.456233
0.455472
0.454288
0.451847
0.44908
0.446866
0.445529
0.444552
0.44284
0.440323
0.438607
0.436759
0.435224
0.434252
0.432831
0.431462
0.429928
0.428824
0.428299
0.427154
0.42594
0.424578
0.423372
0.422443
0.421648
0.420519
0.419411
0.418235
0.417719
0.416924
0.415891
0.414657
0.413195
0.412268
0.411566
0.409735
0.409618
0.409043
0.40844
0.407558
0.406823
0.406584
0.405963
0.405617
0.404517
0.404097
