0.488029
0.491866
0.514429
0.516159
0.52783
0.53058
0.53784
0.537787
0.53657
0.534005
0.533758
0.532437
0.533577
0.532862
0.532605
0.531895
0.531717
0.52915
0.527552
0.526557
0.526847
0.527345
0.527383
0.528143
0.52863
0.528338
0.528187
0.526251
0.526337
0.527952
0.528259
0.528555
0.52953
0.530207
0.529597
0.528981
0.528781
0.527497
0.526928
0.52679
0.52625
0.526473
0.525958
0.526515
0.527385
0.528682
0.528953
0.528614
0.528741
0.528965
0.52969
0.529569
0.529386
0.529882
0.529266
0.52855
0.52851
0.527926
0.527762
0.52782
0.526875
0.526642
0.527208
0.526578
0.526774
0.526035
0.526092
0.526179
0.52566
0.525616
0.525344
0.525222
0.525261
0.525786
0.525801
0.526004
0.525729
0.525566
0.525491
0.525595
0.525784
0.526212
0.525977
0.526218
0.526441
0.52667
0.526975
0.527033
0.527072
