0.972603
0.891223
0.767465
0.714072
0.669586
0.633888
0.612638
0.591202
0.572941
0.561209
0.553343
0.54875
0.544669
0.539992
0.53588
0.532411
0.529278
0.526559
0.524267
0.520904
0.519413
0.51859
0.517057
0.515814
0.5133
0.511111
0.509082
0.508369
0.508289
0.506735
0.505502
0.50348
0.502391
0.499151
0.497955
0.497762
0.497844
0.497695
0.497518
0.496475
0.495478
0.495499
0.494783
0.49531
0.493283
0.492612
0.491979
0.491804
0.491191
0.490496
0.48968
0.489974
0.489187
0.489251
0.488295
0.48843
0.488077
0.487549
0.486472
0.486811
0.486011
0.486229
0.485665
0.484622
0.483453
0.482666
0.482376
0.481875
0.480732
0.481133
0.480477
0.480712
0.480405
0.479971
0.480019
0.48011
0.479531
0.479559
0.478915
0.478781
0.4783
0.478322
0.47819
0.478444
0.478018
0.477758
0.476744
0.475696
0.476277
0.476372
0.475544
0.475204
0.475117
0.474633
0.474036
0.473926
0.473772
0.47358
0.473232
