0.979592
0.890555
0.762048
0.666416
0.593843
0.552606
0.514502
0.485693
0.471148
0.45082
0.443024
0.439894
0.43412
0.432078
0.428236
0.424791
0.423337
0.419912
0.415904
0.413678
0.410055
0.40672
0.402129
0.40109
0.399523
0.397912
0.395961
0.395118
0.393165
0.390815
0.389607
0.389024
0.386383
0.38394
0.383427
0.382763
0.381849
0.380417
0.379943
0.378707
0.378482
0.378448
0.376743
0.375226
0.373972
0.373594
0.373606
0.373735
0.372973
0.371913
0.369768
0.369632
0.368355
0.368194
0.367736
0.366778
0.36674
0.365693
0.365494
0.364648
0.363534
0.362898
0.361944
0.360859
0.360365
0.359074
0.358416
0.35802
0.356981
0.357501
0.357328
0.357067
0.356988
0.355921
0.355778
0.356649
0.356436
0.35608
0.356016
0.355816
0.355982
0.356458
0.356856
0.357152
0.356539
0.355938
0.354594
0.353278
0.353067
0.352846
0.35173
0.350909
0.351425
0.350928
0.350166
0.349974
0.349895
0.349913
0.349702
