0.331418
0.334615
0.34178
0.339687
0.346139
0.34592
0.349739
0.348982
0.347918
0.346249
0.348696
0.351949
0.35067
0.350722
0.348535
0.347295
0.346497
0.346272
0.346556
0.344768
0.345927
0.347226
0.347072
0.344219
0.344862
0.345444
0.346528
0.346704
0.34838
0.34898
0.349825
0.352399
0.352114
0.352721
0.353857
0.353939
0.353724
0.354971
0.354635
0.355082
0.354128
0.354202
0.353487
0.354002
0.354938
0.355793
0.356868
0.356637
0.356386
0.356238
0.355681
0.356167
0.356477
0.355679
0.35594
0.356137
0.356228
0.355815
0.354701
0.355662
0.355056
0.355135
0.355144
0.354779
0.354441
0.354242
0.354361
0.353665
0.352854
0.352922
0.352146
0.352461
0.352503
0.352658
0.352184
0.350929
0.349792
0.348564
0.34828
0.348546
0.347647
0.347358
0.34739
0.347214
0.346836
0.346855
0.346484
0.346022
0.345549
