0.882682
0.739377
0.589695
0.515373
0.452494
0.416583
0.388984
0.375556
0.361029
0.344306
0.337677
0.331892
0.324541
0.32142
0.316353
0.313488
0.310993
0.306266
0.303737
0.302135
0.300775
0.297541
0.296
0.293588
0.292947
0.292601
0.291905
0.291973
0.288602
0.287752
0.286603
0.285735
0.286378
0.285989
0.285158
0.28455
0.283213
0.283169
0.282617
0.281326
0.280595
0.280819
0.280988
0.280547
0.279201
0.277245
0.27489
0.273694
0.272558
0.271557
0.271224
0.269473
0.26834
0.269047
0.269749
0.268254
0.266661
0.26627
0.265678
0.266175
0.265709
0.264074
0.262888
0.262961
0.262563
0.261647
0.260967
0.261058
0.260422
0.260666
0.2605
0.260883
0.261024
0.260449
0.25987
0.259527
0.258605
0.25855
0.258783
0.258129
0.258233
0.257444
0.257947
0.25721
0.256887
0.256301
0.255863
0.255542
0.25566
0.255641
0.255542
0.254322
0.254791
0.255058
0.254867
0.254836
0.255558
0.255568
0.255194
