0.94704
0.87017
0.704406
0.616173
0.558203
0.532016
0.509661
0.490566
0.47813
0.461979
0.45261
0.449409
0.445134
0.440833
0.435187
0.430967
0.42753
0.424907
0.422215
0.417886
0.415635
0.413773
0.411507
0.409239
0.40688
0.404564
0.402561
0.401215
0.400569
0.400355
0.400662
0.399618
0.400244
0.39986
0.398544
0.397205
0.396701
0.397902
0.398105
0.397796
0.397716
0.396839
0.397049
0.396554
0.395759
0.393743
0.391838
0.392329
0.390388
0.38987
0.389081
0.387766
0.386898
0.387348
0.387058
0.386358
0.385365
0.384563
0.38415
0.384263
0.384157
0.382998
0.381507
0.382494
0.381954
0.381017
0.381174
0.380461
0.379734
0.380178
0.379717
0.379379
0.38009
0.379675
0.379417
0.379147
0.379271
0.379267
0.379065
0.379494
0.379546
0.379453
0.379531
0.379096
0.378142
0.377415
0.376573
0.376949
0.376537
0.376272
0.375635
0.375414
0.375311
0.375444
0.375458
0.375432
0.376072
0.376493
0.376081
