0.251451
0.288499
0.292949
0.309308
0.31058
0.314277
0.312771
0.310798
0.315442
0.311925
0.311467
0.309268
0.312324
0.313316
0.31527
0.31524
0.316247
0.315879
0.317049
0.317777
0.320946
0.323409
0.32576
0.324751
0.3252
0.324254
0.324747
0.325703
0.326644
0.325648
0.325568
0.326281
0.328512
0.330497
0.330594
0.327605
0.324199
0.324461
0.32406
0.324642
0.325244
0.324647
0.324192
0.323992
0.323605
0.322782
0.32142
0.321198
0.320676
0.321667
0.32205
0.321306
0.320384
0.320431
0.320684
0.321087
0.321668
0.321328
0.32016
0.320767
0.320957
0.321455
0.322221
0.321969
0.322933
0.322965
0.323281
0.323301
0.324053
0.324524
0.325178
0.324103
0.324428
0.324242
0.324034
0.323506
0.323774
0.324089
0.32368
0.323028
0.32263
0.323003
0.323036
0.323273
0.323621
0.323989
0.324709
0.325278
0.325729
