0.80758
0.735294
0.560235
0.481838
0.410894
0.367868
0.338932
0.319746
0.302118
0.291704
0.289781
0.288394
0.282891
0.283288
0.282076
0.2795
0.280428
0.278413
0.278147
0.275307
0.274854
0.27216
0.271177
0.269635
0.26947
0.270143
0.269256
0.268285
0.268769
0.267387
0.268141
0.268624
0.268389
0.268374
0.26878
0.269271
0.270389
0.27244
0.272356
0.273091
0.271905
0.272738
0.272967
0.273586
0.275515
0.275177
0.274336
0.275479
0.276068
0.2766
0.277978
0.276782
0.277147
0.277342
0.277621
0.278603
0.278275
0.277363
0.278314
0.277647
0.278185
0.278989
0.279869
0.279997
0.280641
0.28075
0.280951
0.281563
0.281427
0.281908
0.282189
0.282128
0.282004
0.282671
0.282725
0.283497
0.284522
0.285045
0.285774
0.286145
0.286373
0.28765
0.288472
0.288568
0.288994
0.289514
0.289199
0.289197
0.289675
0.289958
0.290001
0.289694
0.289639
0.2902
0.290317
0.290838
0.290839
0.291894
0.292093
