0.939117
0.831061
0.679636
0.600905
0.533676
0.48051
0.442283
0.426962
0.417196
0.405002
0.40109
0.398734
0.393648
0.392699
0.392176
0.390959
0.39028
0.39157
0.392684
0.393949
0.394336
0.394911
0.397467
0.396492
0.39576
0.394512
0.394954
0.395047
0.395558
0.395401
0.395766
0.396823
0.39796
0.397877
0.398691
0.398491
0.398469
0.397869
0.398811
0.399554
0.398967
0.399547
0.400023
0.400471
0.401534
0.401885
0.402793
0.403207
0.403639
0.404304
0.404945
0.405249
0.406208
0.406475
0.407278
0.407809
0.409051
0.40931
0.409136
0.409873
0.410182
0.410587
0.411
0.41136
0.411635
0.412067
0.411836
0.412632
0.4132
0.412835
0.413423
0.413267
0.413705
0.414065
0.414475
0.415163
0.415769
0.41625
0.416635
0.417236
0.417536
0.417778
0.418392
0.418094
0.418516
0.418086
0.41822
0.418273
0.41882
0.418977
0.419426
0.419662
0.419598
0.420272
0.420728
0.420548
0.421046
0.421616
0.421627
