0.282946
0.287749
0.277778
0.290323
0.294208
0.294193
0.296215
0.298661
0.300213
0.302973
0.31341
0.319352
0.325793
0.324457
0.327094
0.330621
0.335583
0.338852
0.339537
0.339542
0.341008
0.342066
0.34103
0.342233
0.344738
0.344843
0.345641
0.346731
0.348485
0.349283
0.348451
0.349544
0.349208
0.35024
0.350376
0.350693
0.351185
0.352335
0.353506
0.353423
0.354914
0.356511
0.357703
0.358586
0.35951
0.360651
0.3624
0.363734
0.363832
0.364656
0.366153
0.366977
0.367775
0.368453
0.369534
0.370302
0.369696
0.370344
0.37045
0.370599
0.370498
0.369776
0.369556
0.368185
0.3687
0.36949
0.370102
0.370381
0.370622
0.370572
0.371114
0.371046
0.370925
0.371081
0.37124
0.37036
0.369995
0.369863
0.36988
0.36977
0.36941
0.369302
0.369104
0.368839
0.369113
0.369253
0.369204
0.36893
0.369176
