0.941176
0.817629
0.65947
0.583272
0.543695
0.512279
0.49043
0.472646
0.460365
0.447988
0.441536
0.436838
0.433559
0.432392
0.430465
0.425162
0.421711
0.417528
0.416233
0.413135
0.410052
0.407631
0.405386
0.40224
0.40059
0.39858
0.397265
0.398133
0.397174
0.393676
0.393749
0.391876
0.391602
0.390418
0.38977
0.390358
0.39009
0.391137
0.391535
0.391154
0.388754
0.388717
0.3875
0.387914
0.387764
0.387604
0.38907
0.387972
0.387338
0.386616
0.386804
0.386533
0.386787
0.386242
0.386071
0.38663
0.387007
0.386996
0.38636
0.386881
0.387513
0.386622
0.386906
0.38617
0.385535
0.385804
0.386584
0.386431
0.386043
0.386546
0.386507
0.38694
0.386754
0.386399
0.385638
0.385417
0.384459
0.384389
0.384692
0.385203
0.384706
0.384473
0.385049
0.384574
0.384595
0.385485
0.385161
0.385997
0.385719
0.385712
0.385784
0.385764
0.385748
0.385639
0.386045
0.386328
0.387257
0.386967
0.38677
