0.968182
0.906855
0.81474
0.750095
0.684067
0.653128
0.622284
0.610954
0.598496
0.58766
0.58253
0.579964
0.57611
0.572897
0.570226
0.565585
0.564315
0.561336
0.561102
0.560276
0.559393
0.558957
0.558937
0.557443
0.556473
0.555891
0.555574
0.554359
0.554663
0.553445
0.552572
0.552135
0.55148
0.551619
0.551664
0.5519
0.550965
0.551032
0.549819
0.549953
0.549795
0.549195
0.548001
0.547114
0.546433
0.545439
0.545559
0.54519
0.545045
0.544586
0.544428
0.54346
0.544219
0.544407
0.544677
0.544697
0.544216
0.543658
0.543651
0.543269
0.543081
0.542758
0.542272
0.541927
0.54213
0.541831
0.542083
0.542324
0.541366
0.541869
0.541599
0.541687
0.542233
0.542492
0.542309
0.541263
0.540135
0.539531
0.539589
0.539705
0.539254
0.539606
0.539568
0.539475
0.53956
0.540001
0.53939
0.538905
0.538388
0.538471
0.538246
0.538343
0.538131
0.537573
0.537499
0.537553
0.537899
0.538038
0.53822
