0.414179
0.423507
0.435383
0.430123
0.425075
0.417506
0.420556
0.421675
0.419328
0.415739
0.418768
0.420517
0.423847
0.424973
0.426637
0.42748
0.430328
0.431391
0.429424
0.429352
0.429611
0.429443
0.431469
0.432632
0.432963
0.432907
0.433179
0.433673
0.432847
0.433012
0.432576
0.432035
0.431587
0.432281
0.430535
0.431513
0.431759
0.431936
0.430999
0.430601
0.430928
0.430287
0.430726
0.431287
0.431732
0.432429
0.432745
0.433017
0.432417
0.431864
0.431466
0.431654
0.43116
0.431693
0.43163
0.431691
0.432106
0.432092
0.432151
0.431871
0.431755
0.433064
0.433859
0.433656
0.433837
0.433439
0.432419
0.432721
0.432784
0.433169
0.4332
0.433339
0.433561
0.432793
0.432347
0.432586
0.432166
0.431442
0.430779
0.430899
0.430408
0.430197
0.430015
0.429966
0.430302
0.430022
0.430136
0.429998
0.430086
