0.965774
0.895375
0.793069
0.728782
0.663974
0.623602
0.603878
0.588104
0.569111
0.553372
0.547836
0.544677
0.541058
0.533775
0.528122
0.525614
0.518423
0.514081
0.50924
0.50626
0.504774
0.503004
0.500649
0.498468
0.496309
0.493462
0.490465
0.49022
0.488803
0.486399
0.483163
0.479225
0.47944
0.479734
0.479813
0.47957
0.479131
0.479065
0.478283
0.477741
0.476988
0.476879
0.476407
0.475764
0.475306
0.474637
0.474106
0.474318
0.473438
0.47345
0.473266
0.472575
0.473018
0.473139
0.472162
0.471661
0.471132
0.47013
0.469586
0.469657
0.469022
0.467599
0.466598
0.466134
0.466278
0.466233
0.465487
0.465376
0.465028
0.464897
0.464637
0.464141
0.464244
0.463484
0.463181
0.463868
0.463387
0.463275
0.462568
0.462356
0.461359
0.460694
0.460675
0.460776
0.460817
0.4612
0.461261
0.46195
0.461604
0.461344
0.461115
0.460735
0.460493
0.461303
0.461122
0.461083
0.461042
0.461218
0.460527
