0.942073
0.857562
0.730426
0.630096
0.572376
0.539241
0.510186
0.491985
0.47685
0.459641
0.452803
0.449167
0.444504
0.437404
0.432208
0.427964
0.420766
0.414613
0.408708
0.407015
0.40249
0.399464
0.397512
0.394333
0.392456
0.388235
0.38533
0.384752
0.381664
0.378744
0.376426
0.373758
0.372103
0.371164
0.371111
0.369035
0.367261
0.365548
0.363119
0.361902
0.361733
0.362234
0.361635
0.36135
0.359562
0.359233
0.358277
0.358862
0.356249
0.355429
0.354753
0.355209
0.355809
0.355616
0.35463
0.352974
0.352184
0.352088
0.352023
0.351021
0.350065
0.34932
0.348181
0.347396
0.347177
0.347256
0.346452
0.346151
0.34542
0.344852
0.344825
0.344927
0.344376
0.344229
0.343812
0.343309
0.342869
0.341597
0.340745
0.339114
0.338682
0.339234
0.338994
0.338886
0.340054
0.340584
0.341863
0.341563
0.341649
0.342026
0.341368
0.340805
0.340601
0.340965
0.340929
0.340273
0.34019
0.340207
0.340244
