0.362101
0.359073
0.367722
0.34369
0.347759
0.355322
0.347268
0.342577
0.336298
0.338076
0.340484
0.34446
0.344474
0.345418
0.347096
0.350368
0.346905
0.348918
0.347761
0.347412
0.344781
0.342813
0.343188
0.346584
0.34645
0.347218
0.348442
0.34911
0.347521
0.34631
0.34498
0.344877
0.344812
0.345783
0.344901
0.345402
0.345751
0.347447
0.347399
0.347629
0.346886
0.346478
0.346525
0.348116
0.347189
0.346275
0.345725
0.345037
0.345228
0.344552
0.344681
0.34515
0.344349
0.34428
0.343766
0.343975
0.344028
0.343286
0.343113
0.343628
0.344563
0.344411
0.344631
0.34527
0.345057
0.345139
0.345133
0.345309
0.345636
0.346454
0.346366
0.346294
0.346875
0.346946
0.34703
0.346845
0.347386
0.347252
0.347723
0.347661
0.348041
0.34776
0.347955
0.348093
0.347665
0.348069
0.347978
0.347649
0.34729
