0.811321
0.820122
0.801653
0.786202
0.763045
0.729592
0.706708
0.687572
0.658479
0.644037
0.638457
0.635083
0.626653
0.616591
0.608138
0.601213
0.591883
0.583315
0.575273
0.566983
0.559828
0.554797
0.549491
0.542494
0.537417
0.531753
0.526793
0.519807
0.515099
0.510002
0.504617
0.500365
0.495646
0.492196
0.488185
0.486028
0.482971
0.4785
0.474695
0.47188
0.468466
0.464923
0.461664
0.458814
0.455299
0.453404
0.450823
0.448871
0.446717
0.444444
0.44276
0.440634
0.437987
0.436965
0.434224
0.431471
0.428837
0.427172
0.424702
0.422159
0.420715
0.420062
0.419738
0.418497
0.416757
0.415535
0.413706
0.412785
0.411158
0.409678
0.409246
0.408266
0.406125
0.405601
0.404058
0.403047
0.401514
0.4002
0.397561
0.39587
0.394879
0.393821
0.392324
0.391293
0.390347
0.390305
0.389307
0.387724
0.386841
0.38607
0.384802
0.384009
0.383378
0.382142
0.381706
0.380955
0.380423
0.379524
0.379302
0.378175
0.377151
0.376799
0.37636
0.375468
0.374482
0.374337
0.374142
0.373312
0.373075
0.372293
0.371116
0.36997
0.369109
0.368245
0.367146
0.366216
0.365782
0.365061
0.364115
0.363412
0.362234
0.361643
0.36158
0.360992
0.36094
0.360977
0.360599
0.360035
0.359341
0.359301
0.35906
0.358689
0.358437
0.357874
0.357711
0.357571
0.357033
0.35682
0.35681
0.356809
0.356492
0.356028
0.355955
0.355132
0.354874
0.354583
0.354322
0.354231
0.353807
0.353794
0.353766
0.353589
0.353497
0.353453
0.353087
0.352577
0.352741
0.35253
0.352521
0.351951
0.351796
0.351557
0.351394
0.351209
0.350932
0.351177
0.351139
0.351139
0.351102
0.35092
0.350962
0.35062
0.350314
0.350115
0.350073
0.349876
0.349806
0.349516
0.349206
0.349139
0.349445
0.349396
0.349325
0.349119
0.349117
0.34898
0.348688
0.348714
0.348343
0.34839
0.348244
0.347887
0.347803
0.347892
0.347844
0.348076
0.347533
0.34714
0.347151
0.346673
0.346372
0.346291
0.346092
0.345881
0.345626
0.345632
0.34557
0.345727
0.345889
0.345589
0.345755
0.345385
0.345481
0.345405
0.345488
0.345651
0.34561
0.345737
0.345595
0.345674
0.345486
0.345279
0.345085
0.345068
0.344918
0.34507
0.345505
0.345435
0.345342
0.345142
0.345013
0.34498
0.34464
0.344606
0.344619
0.344655
0.344482
0.344775
0.344765
0.34496
0.344823
0.344669
0.344551
0.344572
0.34463
0.344579
0.3445
0.344693
0.344809
0.344921
0.344786
0.344447
0.344731
0.344891
0.345084
0.344911
0.344988
0.34522
0.345285
0.345321
0.345268
0.345261
0.345074
0.34517
0.345136
0.345164
0.345232
0.344914
0.344657
0.344468
0.344268
0.343982
0.343976
0.344193
0.343995
0.344195
0.344128
0.344219
0.344466
0.344439
0.344434
0.344329
0.344262
0.344368
0.344458
0.344251
0.344504
0.344402
0.344497
0.344692
0.344687
0.344704
0.344788
0.344882
0.344835
0.344759
0.345095
0.345258
0.345373
0.345463
0.345465
0.345405
0.345497
0.34563
0.345704
0.345763
0.345778
0.345831
0.345872
0.345948
0.346082
0.346021
0.346086
0.346315
0.346242
0.346113
0.346055
0.346012
0.345698
0.345724
0.345685
0.345701
0.345833
0.345831
0.34579
0.345743
0.345732
0.345703
0.345566
0.345435
0.345499
0.345511
0.345342
0.345605
0.345753
0.345788
0.345828
0.345848
0.346148
0.346145
0.346106
0.346193
0.346296
0.346398
0.346445
0.346774
0.346795
0.346874
0.346836
0.346929
0.346921
0.346923
0.346956
0.347001
0.34693
0.346899
0.347011
0.347266
0.347324
0.347251
0.34736
0.347165
0.34703
0.347057
0.347191
0.347267
0.347157
0.347161
0.347188
0.347133
0.347022
0.346974
0.346876
0.346791
0.346767
0.346869
0.346911
0.346966
0.346967
0.347019
0.347163
0.347349
0.347479
0.347332
0.347201
0.347241
0.347026
0.346984
0.347033
0.347033
0.347184
0.347315
0.347328
0.347421
0.347556
0.347607
0.347675
0.34784
0.347777
0.34766
0.34764
0.347732
0.347683
0.34763
0.347784
0.347894
0.347814
0.347735
0.347803
0.347888
0.347841
0.34791
0.347909
0.34791
0.347866
0.347868
0.347868
0.347783
0.347721
0.347615
0.347671
0.347767
0.347803
0.347649
0.347795
0.347929
0.347965
0.348004
0.347959
0.348005
0.348011
0.348119
0.348274
0.348234
0.348274
0.348202
0.348191
0.348136
0.348145
0.348187
0.348313
0.348405
0.348394
0.348395
0.34835
0.348237
0.34822
0.348209
0.348408
0.348524
0.348526
0.348619
0.348682
0.348651
0.34874
0.348841
0.348843
0.348692
0.348725
0.348654
0.348615
0.348549
0.348441
0.348257
0.348289
0.34833
0.348338
0.348338
0.348417
0.348534
0.34851
0.348469
0.34838
0.348209
0.348268
0.348267
0.348236
0.348244
0.348302
0.348403
0.348459
0.348502
0.348602
0.348664
0.34866
0.348704
0.348801
0.348806
0.348856
0.348807
0.348852
0.348973
0.34911
0.349029
0.349056
0.3491
0.349273
0.349343
0.349392
0.349508
0.349577
0.349526
0.349552
0.349569
0.349589
0.349661
0.349786
0.349881
0.349935
0.35001
0.35005
0.349976
0.350135
0.350159
0.350241
0.350433
0.350437
0.350322
0.350384
0.350503
0.350495
0.350461
0.350584
0.350628
0.350553
0.350602
0.35052
0.350584
0.350599
0.350634
0.350584
0.350542
0.350608
0.350697
0.350641
0.350626
0.350681
0.350646
0.35062
0.350643
0.350602
0.350846
0.35102
0.351096
0.351135
0.351196
0.351109
0.351089
0.351033
0.351005
0.351041
0.351041
0.351052
0.351049
0.3511
0.35118
0.351181
0.351191
0.351342
0.351365
0.351463
0.351545
0.351554
0.351613
0.351668
0.351676
0.351753
0.351811
0.351956
0.352015
0.352121
0.352169
0.352208
0.352277
0.352335
0.352287
0.352299
0.352347
0.352427
0.352374
0.352345
0.352147
0.352165
0.352297
0.352308
0.352268
0.352343
0.352361
0.352495
0.352437
0.352441
0.352492
0.352503
0.352633
0.352579
0.352473
0.352519
0.352594
0.352703
0.352702
0.35271
0.352787
0.352777
0.352793
0.352772
0.352802
0.352919
0.352899
0.352993
0.35301
0.353036
0.353147
0.35314
0.353074
0.353245
0.35325
0.353298
0.353304
0.35333
0.353371
0.353349
0.353412
0.353371
0.35347
0.353544
0.353499
0.35347
0.353412
0.353497
0.353587
0.353644
0.353687
0.353609
0.353627
0.353635
0.353649
0.353581
0.353663
0.353732
0.353791
0.353865
0.353912
0.353921
0.353997
0.354077
0.354128
0.354107
0.354134
0.35427
0.354362
0.354318
0.354261
0.354126
0.35425
0.354231
0.354259
0.354273
0.354263
0.354264
0.354283
0.354358
0.354477
0.354498
0.354491
0.354482
0.354473
0.35449
0.354679
0.354788
0.354777
0.354822
0.354768
0.354709
0.354765
0.354897
0.354925
0.354875
0.354896
0.354964
0.355058
0.355039
0.355013
0.354964
0.355025
0.355018
0.355094
0.355145
0.355128
0.355098
0.355223
0.355185
0.355252
0.355241
0.355291
0.355364
0.35538
0.355415
0.35549
0.355519
0.355507
0.355477
0.355564
0.355604
0.35565
0.355661
0.355787
0.355825
0.355775
0.355731
0.355716
0.3557
0.355704
0.355731
0.355723
0.355647
0.355668
0.355692
0.35573
0.355738
0.355851
0.355783
0.355771
0.3558
0.355797
0.35586
0.35586
0.355957
0.355988
0.355995
0.356003
0.356091
0.35618
0.35617
0.356243
0.356351
0.356468
0.356573
0.356551
0.356548
0.356543
0.356629
0.356641
0.356655
0.356726
0.356742
0.35681
0.356858
0.356954
0.357076
0.357129
0.357099
0.357169
0.357248
0.357274
0.357316
0.357424
0.357519
0.357544
0.35748
0.357487
0.357626
0.35768
0.357747
0.357739
0.357788
0.357846
0.357858
0.357879
0.357902
0.357895
0.357841
0.357862
0.357865
0.357878
0.357917
0.357992
0.357996
0.358112
0.358062
0.358131
0.358069
0.358105
0.358149
0.358204
0.358233
0.358277
0.35833
0.358339
0.358349
0.358425
0.358406
0.358474
0.358526
0.358561
0.358636
0.358653
0.358651
0.358707
0.358724
0.358675
0.358708
0.358659
0.358729
0.358766
0.358793
0.358794
0.358808
0.358895
0.35888
0.358885
0.358895
0.35898
0.359018
0.358966
0.359067
0.359045
0.359062
0.359127
0.359187
0.359265
0.359255
0.359276
0.359263
0.359299
0.359291
0.359281
0.359354
0.359346
0.359368
0.359337
0.359384
0.359299
0.35931
0.359435
0.359436
0.359437
0.359504
0.359479
0.359642
0.359665
0.359646
0.359673
0.359717
0.359714
0.35974
0.359738
0.3598
0.359781
0.359878
0.359933
0.360025
0.360026
0.360027
0.360052
0.360088
0.360107
0.360177
0.360148
0.360142
0.360162
0.360164
0.360206
0.360162
0.360226
0.36024
0.360312
0.360292
0.360385
0.360352
0.360343
0.360277
0.360296
0.360345
0.36035
0.360407
0.360413
0.360403
0.360395
0.360366
0.36041
0.360434
0.36052
0.360566
0.360618
0.360601
0.360624
0.36063
0.360675
0.360753
0.360861
0.360869
0.360886
0.360965
0.360927
0.360983
0.361089
0.361224
0.361282
0.361258
0.361305
0.361313
0.36131
0.361342
0.361305
0.361301
0.361247
0.36128
0.361318
0.361339
0.361413
0.361481
0.361474
0.361521
0.361572
0.361598
0.361508
0.361557
0.361547
0.361505
0.361509
0.361586
0.361578
0.361716
0.361713
0.361753
0.361801
0.361869
0.361922
0.361952
0.362005
0.362062
0.362089
0.362174
0.362229
0.362203
0.362342
0.362297
0.362304
0.362299
0.362284
0.362339
0.36232
0.362399
0.36241
0.362411
0.362408
0.362433
0.362478
0.362483
0.362497
0.362469
0.362473
0.362423
0.362406
0.362494
0.362557
0.362609
0.362674
0.362731
0.362834
0.362915
0.362944
0.36292
0.362891
0.36291
0.362857
0.362901
0.36297
0.36296
0.362982
0.362938
0.362971
0.36296
0.362933
0.362996
0.362992
0.362957
0.362953
0.36296
0.362898
0.362952
0.363054
0.363175
0.363211
0.363188
0.363231
0.36329
0.363419
0.363507
0.363544
0.363571
0.363608
0.363585
0.363546
0.363562
0.363598
0.363616
0.363678
0.363697
