0.906158
0.869792
0.846949
0.832898
0.816672
0.802228
0.791057
0.775302
0.761281
0.747714
0.739989
0.733871
0.72732
0.718303
0.711197
0.705766
0.699596
0.692475
0.686367
0.679105
0.671955
0.665488
0.658954
0.65228
0.645523
0.639235
0.633917
0.628828
0.623025
0.617949
0.61215
0.606214
0.600575
0.594216
0.589057
0.584627
0.579925
0.574844
0.570122
0.565453
0.561739
0.558321
0.555575
0.551581
0.548385
0.544997
0.541301
0.539015
0.537001
0.533651
0.529832
0.527538
0.525029
0.521511
0.518436
0.516105
0.514485
0.511685
0.509838
0.506784
0.505321
0.503831
0.501975
0.500296
0.498623
0.49718
0.495435
0.493792
0.492324
0.491204
0.48979
0.489152
0.487802
0.486429
0.484992
0.483649
0.482094
0.480349
0.47846
0.477175
0.47613
0.474258
0.472293
0.471059
0.469989
0.468774
0.467762
0.466937
0.4657
0.464214
0.463029
0.462298
0.461396
0.460611
0.459734
0.458842
0.457774
0.456745
0.455874
0.455328
0.454635
0.453871
0.453889
0.452728
0.451814
0.451452
0.450742
0.450312
0.449706
0.448336
0.447398
0.446374
0.445803
0.44513
0.444826
0.444013
0.443399
0.44273
0.442063
0.44164
0.441622
0.441262
0.440743
0.440303
0.440179
0.439813
0.439454
0.438849
0.438173
0.437438
0.437004
0.436834
0.436842
0.436664
0.436509
0.435991
0.435284
0.434946
0.434546
0.434138
0.433744
0.433496
0.43316
0.43282
0.432723
0.432445
0.432192
0.43201
0.431838
0.431502
0.4313
0.430897
0.430253
0.430087
0.429832
0.429806
0.429552
0.429508
0.429215
0.429063
0.428745
0.428532
0.42829
0.428284
0.428036
0.428068
0.42773
0.427495
0.427451
0.42708
0.427175
0.426933
0.426576
0.426442
0.426024
0.425605
0.425516
0.425503
0.42536
0.425754
0.425595
0.4254
0.425029
0.42467
0.42422
0.423832
0.423733
0.423701
0.423619
0.423513
0.423098
0.423335
0.423091
0.422804
0.42244
0.422146
0.42206
0.422047
0.421842
0.421641
0.421741
0.421578
0.421383
0.421231
0.421136
0.421221
0.421049
0.420727
0.420443
0.420467
0.420213
0.420271
0.42027
0.419984
0.419869
0.419886
0.419785
0.41961
0.41963
0.419427
0.419238
0.418977
0.418865
0.418914
0.4188
0.418777
0.418784
0.418657
0.418498
0.41834
0.418141
0.417988
0.417873
0.417769
0.417862
0.417779
0.417737
0.41777
0.417738
0.41761
0.417417
0.417099
0.417033
0.416906
0.416673
0.416592
0.416557
0.416516
0.416477
0.416327
0.416259
0.416095
0.415953
0.415826
0.415974
0.416019
0.415948
0.415944
0.415713
0.415697
0.415562
0.415428
0.415173
0.415037
0.415116
0.415038
0.415036
0.414825
0.41477
0.414738
0.414725
0.414569
0.414741
0.414522
0.414616
0.414669
0.414782
0.414744
0.414762
0.41477
0.414709
0.41475
0.414753
0.414996
0.415044
0.415016
0.415176
0.415168
0.415147
0.415109
0.415118
0.415003
0.414892
0.414837
0.414954
0.414966
0.41505
0.414983
0.415155
0.415236
0.415105
0.415043
0.414858
0.414861
0.414756
0.414661
0.41479
0.414727
0.414731
0.414645
0.414724
0.414743
0.414676
0.41471
0.414628
0.414739
0.414821
0.414792
0.414787
0.414695
0.414785
0.414942
0.415085
0.414896
0.414792
0.41487
0.414807
0.41491
0.414809
0.41472
0.414771
0.414744
0.414655
0.414633
0.414679
0.414525
0.414407
0.414479
0.414364
0.414463
0.414459
0.414439
0.414433
0.414556
0.414585
0.41466
0.41457
0.414588
0.414633
0.414659
0.414718
0.414708
0.414689
0.414627
0.414763
0.414801
0.414821
0.4147
0.414794
0.414729
0.414532
0.4146
0.414538
0.414542
0.414593
0.41449
0.414472
0.41456
0.414622
0.414579
0.414417
0.414292
0.414561
0.414649
0.414698
0.414719
0.414811
0.414857
0.414804
0.414893
0.414977
0.414967
0.415051
0.415059
0.415106
0.415115
0.415109
0.415117
0.415051
0.415047
0.415093
0.415096
0.415136
0.415298
0.41534
0.415255
0.415256
0.415277
0.415206
0.415307
0.415314
0.415355
0.415382
0.415403
0.415454
0.415338
0.415349
0.41541
0.415361
0.415483
0.415493
0.415555
0.415534
0.415467
0.415406
0.41536
0.41528
0.415264
0.415119
0.415156
0.415158
0.415323
0.415323
0.415413
0.415376
0.41524
0.415118
0.415077
0.415142
0.415199
0.415273
0.415152
0.415202
0.415326
0.415264
0.415453
0.415583
0.415575
0.415668
0.41563
0.415611
0.415499
0.415344
0.415381
0.415391
0.415355
0.41542
0.415396
0.415323
0.415428
0.415334
0.415404
0.415326
0.415386
0.415328
0.415425
0.415547
0.415581
0.415619
0.415711
0.415696
0.415733
0.415597
0.415619
0.415727
0.415776
0.415911
0.415923
0.415926
0.415882
0.415895
0.415873
0.415854
0.415821
0.415841
0.415979
0.415944
0.415927
0.416
0.416056
0.41602
0.41619
0.416264
0.416207
0.416197
0.416148
0.416162
0.416219
0.416257
0.416376
0.416322
0.416346
0.41641
0.416454
0.416512
0.416552
0.416624
0.416521
0.416537
0.416452
0.416396
0.416397
0.416374
0.41645
0.416529
0.41663
0.416602
0.416663
0.416666
0.416701
0.416632
0.416701
0.416631
0.416631
0.416599
0.416665
0.416731
0.41681
0.416834
0.416871
0.416928
0.416922
0.416957
0.416974
0.417003
0.417024
0.41702
0.417087
0.417138
0.417132
0.417112
0.417117
0.417169
0.417241
0.417246
0.417297
0.417268
0.417275
0.417385
0.417362
0.417406
0.417526
0.417522
0.417528
0.417632
0.41764
0.417628
0.417602
0.417577
0.417635
0.417686
0.41765
0.417595
0.417585
0.417701
0.417712
0.417719
0.417728
0.417739
0.417729
0.417783
0.417908
0.41792
0.417923
0.417996
0.418011
0.41811
0.418122
0.418068
0.418097
0.418148
0.418141
0.41813
0.418138
0.418188
0.418184
0.418241
0.418308
0.41839
0.418437
0.418418
0.41852
0.418487
0.418547
0.418581
0.41864
0.41874
0.418767
0.418877
0.418897
0.418972
0.418956
0.418928
0.418947
0.419002
0.419037
0.419196
0.419244
0.419293
0.41936
0.41937
0.419333
0.419283
0.419272
0.419272
0.419195
0.419293
0.419409
0.419415
0.419477
0.419463
0.419437
0.419465
0.419499
0.419568
0.419593
0.419668
0.419595
0.419718
0.419722
0.419826
0.419876
0.419928
0.420014
0.420031
0.420041
0.420088
0.42015
0.420177
0.420259
0.420348
0.420443
0.420462
0.420477
0.420573
0.420604
0.42068
0.420672
0.420697
0.420704
0.420708
0.420724
0.42077
0.420827
0.420877
0.420934
0.421019
0.421028
0.421123
0.421183
0.421297
0.421347
0.421379
0.421366
0.421416
0.421432
0.421461
0.421465
0.421428
0.421403
0.421423
0.421383
0.421406
0.421454
0.421463
0.421483
0.421428
0.421482
0.421496
0.421532
0.421533
0.421527
0.421617
0.421657
0.421655
0.421702
0.421738
0.421754
0.42184
0.421895
0.422006
0.421967
0.422013
0.4221
0.422091
0.422112
0.422188
0.422244
0.422226
0.422191
0.422164
0.422183
0.422197
0.422313
0.422378
0.422364
0.422389
0.422383
0.422419
0.422559
0.422559
0.422596
0.422627
0.422654
0.422634
0.422704
0.422643
0.422655
0.422676
0.422655
0.422694
0.422702
0.422744
0.42272
0.422732
0.422745
0.422813
0.422865
0.422906
0.422933
0.422947
0.422958
0.422981
0.423069
0.42306
0.423088
0.423161
0.423248
0.423298
0.423394
0.423299
0.42328
0.423277
0.423366
0.423395
0.423364
0.423364
0.423378
0.423451
0.423454
0.423519
0.423552
0.423539
0.423584
0.423565
0.423549
0.423518
0.423527
0.423597
0.423704
0.42374
0.42377
0.423831
0.423877
0.42398
0.423991
0.424065
0.424058
0.424077
0.424121
0.424121
0.424181
0.424177
0.4242
0.424175
0.424195
0.424223
0.424251
0.424277
0.42425
0.424298
0.424383
0.424401
0.42443
0.424416
0.424502
0.424582
0.424602
0.42468
0.42475
0.424793
0.424888
0.424941
0.424945
0.424964
0.424985
0.425029
0.425072
0.425107
0.425213
0.425251
0.425253
0.425286
0.425272
0.42527
0.425251
0.425288
0.425317
0.425406
0.425389
0.425415
0.425342
0.425331
0.425331
0.425293
0.425315
0.425356
0.4254
0.425474
0.425491
0.425584
0.425664
0.425619
0.425617
0.425642
0.425659
0.425709
0.425737
0.42575
0.425826
0.425804
0.425876
0.425878
0.425931
0.425973
0.426024
0.426007
0.426049
0.426051
0.426055
0.426133
0.426206
0.426233
0.426272
0.426334
0.42636
0.426407
0.426473
0.426485
0.42652
0.426558
0.426582
0.426644
0.426635
0.426627
0.426658
0.426729
0.42671
0.426721
0.426746
0.426785
0.426843
0.426876
0.426864
0.426936
0.426947
0.426945
0.42696
0.426975
0.427071
0.427103
0.427115
0.427103
0.427087
0.427118
0.427111
0.42714
0.427165
0.427179
0.427177
0.427268
0.427277
0.427335
0.427329
0.427312
0.427272
0.427285
0.427314
0.427377
0.427414
0.427448
0.427491
0.427441
0.427428
0.427506
0.427529
0.427603
0.427653
0.427742
0.427805
0.42783
0.427824
0.427883
0.427925
0.42795
0.427992
0.428051
0.428082
0.428102
0.42813
0.428157
0.428173
0.428208
0.428272
0.428307
0.428322
0.428337
0.428392
0.428414
0.428404
0.428392
0.428402
0.428477
0.428501
0.428537
0.428628
0.428663
0.428642
0.428644
0.428632
0.428649
0.428668
0.428757
0.42883
0.428906
0.428978
0.429024
0.429018
0.429044
0.429045
0.429038
0.429048
0.429087
0.429144
0.429152
0.429154
0.429166
0.429244
0.429341
0.429316
0.429348
0.429383
0.429442
0.429464
0.429474
0.429542
0.429601
0.429603
0.429645
0.429668
0.429687
0.42968
0.4297
0.429756
0.429794
0.429843
0.429871
0.429869
0.429913
0.429951
0.429997
0.430036
0.430057
0.430089
0.430129
0.43014
0.430129
0.430208
0.43023
0.430214
0.430243
0.430304
0.430273
0.430335
0.430323
0.430343
0.430421
0.430477
0.430467
0.430484
0.430524
0.430536
0.430595
0.430692
0.430638
0.430645
0.430682
0.430729
0.430752
0.430744
0.43074
0.430751
0.430778
0.430769
0.430817
0.430893
0.430865
0.430901
0.430914
