0.571161
0.539474
0.537682
0.537019
0.534722
0.537942
0.543068
0.540952
0.541161
0.536426
0.540234
0.542013
0.541237
0.540134
0.540179
0.54027
0.542026
0.543501
0.544062
0.546702
0.546379
0.545912
0.545116
0.545512
0.546125
0.545866
0.545071
0.54514
0.545021
0.544227
0.543874
0.543778
0.542636
0.543134
0.542627
0.543296
0.543252
0.544262
0.545067
0.54476
0.544211
0.544327
0.545024
0.544998
0.54473
0.544999
0.544943
0.545032
0.5447
0.544193
0.543604
0.543391
0.54331
0.542998
0.542931
0.543206
0.542723
0.542413
0.542586
0.541976
0.542712
0.543048
0.543123
0.543063
0.542809
0.542238
0.542273
0.542178
0.542261
0.542259
0.542273
0.541696
0.541938
0.541742
0.541198
0.540849
0.540092
0.539786
0.539808
0.539795
0.539375
0.539378
0.538956
0.539339
0.538607
0.538064
0.538032
0.53807
0.538105
0.538194
0.538343
0.53872
0.538785
0.538764
0.538874
0.539236
0.53927
0.539149
0.539269
0.539221
0.538647
0.538321
0.538297
0.53814
0.537879
0.537529
0.53781
0.537586
0.537041
0.53655
0.536771
0.536374
0.536704
0.536681
0.536658
0.537252
0.537513
0.537296
0.537519
0.537481
0.537535
0.537223
0.537027
0.536878
0.536851
0.536765
0.536347
0.536303
0.53622
0.536389
0.536248
0.536089
0.536094
0.536203
0.53636
0.536622
0.536603
0.536359
0.536404
0.536305
0.536199
0.536018
0.536255
0.53636
0.536509
0.536382
0.536358
0.536662
0.536499
0.536464
0.536602
0.536574
0.536789
0.53692
0.536863
0.536797
0.536833
0.536786
0.536809
0.536913
0.5371
0.536955
0.53705
0.53703
0.537054
0.537141
0.537256
0.537355
0.537543
0.537543
0.53773
0.537621
0.537557
0.537416
0.537297
0.537228
0.537114
0.53714
0.536994
0.536938
0.536776
0.536793
0.53699
0.537092
0.537093
0.537004
0.537027
0.537058
0.536957
0.537114
0.537176
0.537065
0.537052
0.537207
0.537323
0.537495
0.537607
0.537573
0.537517
0.537473
0.537538
0.537488
0.53759
0.537551
0.53752
0.537645
0.537562
0.53765
0.537464
0.537424
0.537351
0.537452
0.537312
0.537385
0.537261
0.53743
0.537354
0.537315
0.537389
0.537274
0.53746
0.537327
0.537378
0.537424
0.537295
0.537437
0.537472
0.537496
0.537485
0.537569
0.537618
0.537508
0.537534
0.537456
0.537254
0.537212
0.537162
0.537098
0.537057
0.537189
0.537207
0.537324
0.53729
0.53714
0.537104
0.537116
0.537087
0.537174
0.53716
0.537139
0.537141
0.53711
0.53708
0.536954
0.536921
0.536944
0.536834
0.536669
0.536618
0.536573
0.536612
0.536513
0.536404
0.5364
0.53653
0.536663
0.536615
0.536667
0.536745
0.536818
0.536713
0.536748
0.53677
0.536805
0.536803
0.536782
0.536737
0.536775
0.53698
0.536988
0.536841
0.536915
0.536945
0.537059
0.537081
0.537182
0.537044
0.536943
0.536869
0.536939
0.536984
0.536916
0.536856
0.536957
0.536951
0.536983
0.537054
0.5371
0.537092
0.537062
0.537055
0.537051
0.537046
0.536989
0.537039
0.537025
0.536981
0.536864
0.536788
0.536799
0.536847
0.53673
0.536836
0.536873
0.536989
0.536968
0.536989
0.536921
0.536873
0.536921
0.537043
0.537049
0.536918
0.536966
0.536955
0.536916
0.537015
0.537041
0.537139
0.537171
0.537112
0.537076
0.537238
0.537335
0.537388
0.537485
0.537523
0.537528
0.537521
0.537542
0.53758
0.53764
0.537744
0.53776
0.537885
0.537887
0.537944
0.53793
0.537965
0.537969
0.538116
0.538049
0.537992
0.537966
0.537897
0.53788
0.537896
0.537876
0.537802
0.537814
0.537819
0.537728
0.53772
0.537789
0.537844
0.537921
0.537907
0.537808
0.537878
0.537887
0.537888
0.537856
0.537889
0.537872
0.537904
0.537901
0.537896
0.537962
0.537938
0.538011
0.538081
0.537971
0.537887
0.537789
0.5378
0.537752
0.537799
0.537713
0.53765
0.537741
0.537793
0.537779
0.537799
0.537827
0.537842
0.537833
0.537885
0.538047
0.538007
0.537996
0.538046
0.538039
0.538033
0.538096
0.537991
0.538015
0.538038
0.53796
0.537908
0.537737
0.537765
0.537724
0.537725
0.537695
0.537626
0.537574
0.53763
0.537643
0.537655
0.537638
0.537648
0.537636
0.537568
0.53763
0.537646
0.537744
0.537786
0.537687
0.537599
0.537671
0.537549
0.537478
0.537451
0.53749
0.537411
0.537441
0.537497
0.53756
0.537586
0.537634
0.537623
0.537592
0.537556
0.537448
0.537386
0.537373
0.537347
0.537331
0.537383
0.53738
0.537366
0.537285
0.537287
0.537269
0.537236
0.537229
0.537236
0.537229
0.537179
0.537119
0.537134
0.537155
0.537136
0.537142
0.537191
0.537123
0.537085
0.537053
0.537078
0.537097
0.537062
0.537075
0.537143
0.537199
0.537104
0.537111
0.537168
0.537216
0.53716
0.537089
0.537056
0.537041
0.537016
0.536998
0.537015
0.537053
0.537024
0.537048
0.537097
0.536999
0.536941
0.536907
0.536933
0.53702
0.537041
0.53704
0.537084
0.537097
0.537084
0.537117
0.537109
0.537068
0.537116
0.537145
0.537121
0.537206
0.537142
0.537138
0.537128
0.537111
0.537081
0.537081
0.537028
0.536967
0.536865
0.536812
0.536766
0.536766
0.536808
0.536847
0.536816
0.536789
0.53681
0.536773
0.536772
0.536776
0.536721
0.536672
0.536625
0.536619
0.53663
0.536646
0.536647
0.536673
0.536636
0.536619
0.536587
0.536563
0.536482
0.536441
0.536406
0.536404
0.536368
0.536376
0.536358
0.536357
0.536269
0.536273
0.536304
0.536284
0.536346
0.536445
0.536369
0.536402
0.536395
0.53643
0.536428
0.536447
0.536467
0.536473
0.536514
0.53649
0.536428
0.536493
0.536482
0.53653
0.536512
0.536553
0.536568
0.536566
0.536557
0.536498
0.536456
0.536442
0.53641
0.536395
0.536439
0.536496
0.536447
0.536491
0.536494
0.536414
0.536476
0.536447
0.536529
0.536661
0.536711
0.536758
0.536729
0.536721
0.536629
0.536662
0.536618
0.53662
0.536528
0.536557
0.536629
0.536676
0.536644
0.536542
0.536529
0.536586
0.536662
0.536628
0.536649
0.536616
0.536678
0.536713
0.536674
0.536719
0.536729
0.536703
0.536714
0.536694
0.536694
0.536606
0.536644
0.536672
0.536657
0.536648
0.536598
0.536607
0.53657
0.536589
0.536566
0.536592
0.536599
0.536542
0.536536
0.536532
0.536468
0.53644
0.536409
0.5364
0.536407
0.536401
0.536307
0.536311
0.536285
0.536293
0.536296
0.536233
0.536246
0.536229
0.536242
0.536244
0.536227
0.536207
0.53627
0.536289
0.536334
0.536311
0.536294
0.536215
0.536206
0.536164
0.536206
0.536203
0.536199
0.536181
0.536198
0.536272
0.536309
0.536267
0.53627
0.536314
0.536342
0.536343
0.53636
0.536355
0.536378
0.536382
0.536446
0.536391
0.536384
0.536372
0.536392
0.536386
0.536404
0.536384
0.53638
0.536377
0.536425
0.536456
0.536501
0.536468
0.536454
0.53644
0.536418
0.536389
0.53637
0.536355
0.536397
0.536421
0.536377
0.536404
0.536428
0.536402
0.5364
0.536391
0.536484
0.536468
0.536473
0.536434
0.536415
0.536353
0.536383
0.536405
0.536341
0.536371
0.536364
0.53637
0.536389
0.536443
0.536501
0.536597
0.53655
0.536588
0.536565
0.536628
0.536645
0.536627
0.536606
0.536576
0.536571
0.53658
0.53659
0.536577
0.536583
0.536556
0.536494
0.536471
0.536503
0.536533
0.536534
0.536508
0.536515
0.53655
0.536553
0.536572
0.536574
0.536606
0.536608
0.536659
0.536634
0.536696
0.536757
0.536761
0.536808
0.536877
0.536881
0.536898
0.536904
0.536904
0.536901
0.536989
0.537032
0.537037
0.537026
0.537038
0.536999
0.537001
0.537041
0.537059
0.537097
0.537113
0.537159
0.537232
0.537269
0.537282
0.537285
0.537265
0.53725
0.537292
0.5373
0.537313
0.537318
0.537339
0.537367
0.537434
0.537404
0.537406
0.537421
0.537434
0.537404
0.537402
0.537402
0.537423
0.537477
0.537468
0.537437
0.537403
0.537408
0.537393
0.53743
0.537431
0.537477
0.537488
0.537488
0.537516
0.537529
0.537566
0.537603
0.537631
0.537686
0.537674
0.537679
0.537683
0.537705
0.537695
0.537695
0.537674
0.537653
0.53763
0.537621
0.537584
0.537552
0.53754
0.537496
0.537505
0.537511
0.537534
0.537517
0.53751
0.537529
0.537521
0.537561
0.537548
0.537587
0.537569
0.537563
0.537538
0.537558
0.537555
0.537522
0.537546
0.5376
0.537584
0.537536
0.537562
0.537577
0.537551
0.537599
0.537596
0.537595
0.5376
0.537573
0.537581
0.537528
0.537556
0.537511
0.537538
0.537584
0.537596
0.537581
0.5376
0.537649
0.53762
0.537624
0.537621
0.537622
0.537616
0.537603
0.537573
0.53751
0.537526
0.537517
0.537511
0.537479
0.53744
0.537453
0.537451
0.537469
0.537457
0.537473
0.537474
0.537475
0.537457
0.537484
0.537449
0.537442
0.53745
0.537407
0.537443
0.537468
0.537413
0.537424
0.537482
0.537509
0.537501
0.537533
0.537521
0.537527
0.537518
0.537519
0.537534
0.537509
0.537502
0.537472
0.537412
0.537393
0.537409
0.537425
0.537428
0.53738
0.537386
0.537373
0.537395
0.537345
0.537334
0.537268
0.537261
0.537239
0.537252
0.53723
0.537223
0.537192
0.53717
0.537149
0.53713
0.537123
0.537144
0.53712
0.537126
0.53712
0.53711
0.537097
0.537081
0.537109
0.537084
0.537055
0.537036
0.536982
0.536969
0.536978
0.536933
0.536909
0.536893
0.536887
0.536855
0.536867
0.536859
0.536864
0.536884
0.536868
0.53686
0.536851
0.536869
0.536875
0.536883
0.536865
0.536885
0.536905
0.536887
0.53691
0.53684
0.536841
0.536822
0.536803
0.536825
0.53682
0.536827
0.536852
0.536845
0.536883
0.536908
0.536892
0.536931
0.53694
0.536925
0.536959
0.536979
0.53697
0.536973
0.537012
0.536995
0.536986
0.536975
0.53696
0.536949
0.536949
0.536922
0.536957
0.536948
0.536939
0.536981
0.536971
0.536954
0.536941
