0.933333
0.886263
0.702783
0.617935
0.555087
0.506693
0.473059
0.454173
0.437915
0.422825
0.418988
0.414894
0.412474
0.411661
0.410654
0.406578
0.403465
0.400782
0.398077
0.395943
0.392612
0.392318
0.391425
0.390645
0.389093
0.387968
0.386481
0.385087
0.383514
0.382466
0.381717
0.380855
0.379578
0.378995
0.379538
0.379222
0.377391
0.378284
0.378049
0.377151
0.375352
0.375361
0.374912
0.373684
0.374232
0.373702
0.373654
0.371947
0.370862
0.370741
0.369554
0.369732
0.370047
0.370537
0.37016
0.371084
0.370592
0.371218
0.370781
0.370071
0.369688
0.369766
0.369854
0.369508
0.370013
0.369316
0.369842
0.370612
0.371579
0.371921
0.371624
0.371877
0.372015
0.371762
0.373102
0.37306
0.373463
0.372883
0.372553
0.371746
0.371875
0.371819
0.371583
0.371699
0.371721
0.371827
0.371981
0.372261
0.372953
0.372674
0.372731
0.372353
0.372404
0.372618
0.372962
0.373083
0.373027
0.373637
0.373715
