0.969466
0.916856
0.773821
0.683876
0.62354
0.589505
0.559552
0.53386
0.513193
0.500602
0.497122
0.493458
0.488023
0.485224
0.482115
0.479128
0.476496
0.475323
0.472865
0.472021
0.469658
0.469059
0.467332
0.468317
0.466338
0.46661
0.464345
0.464396
0.464836
0.464125
0.464871
0.465116
0.465141
0.465884
0.466001
0.465719
0.464639
0.463889
0.463351
0.461768
0.461482
0.461235
0.461633
0.462116
0.461704
0.461834
0.461926
0.461352
0.461477
0.461674
0.461762
0.462018
0.462596
0.463138
0.463585
0.463854
0.464607
0.464841
0.464588
0.464523
0.464515
0.465371
0.465787
0.466106
0.466219
0.466477
0.467491
0.467996
0.468239
0.468532
0.468386
0.468407
0.468874
0.469354
0.470189
0.470449
0.470934
0.471476
0.472498
0.472895
0.473189
0.473399
0.473348
0.473806
0.47431
0.474979
0.475312
0.475202
0.475339
0.475971
0.476109
0.476468
0.4772
0.477431
0.477887
0.477834
0.478467
0.479032
0.479458
