0.443609
0.432432
0.433165
0.427485
0.425086
0.426203
0.41976
0.419617
0.417286
0.41795
0.416537
0.419451
0.423071
0.425054
0.420933
0.421028
0.422304
0.424554
0.426282
0.424724
0.425724
0.424619
0.425029
0.426228
0.427186
0.426937
0.426688
0.426012
0.426514
0.425801
0.426588
0.426885
0.428106
0.429451
0.429964
0.430713
0.431308
0.430742
0.430418
0.428828
0.428519
0.428552
0.428012
0.427951
0.427591
0.427496
0.426597
0.426712
0.426667
0.425954
0.426341
0.427084
0.427201
0.428091
0.428154
0.427944
0.42823
0.428297
0.428952
0.428409
0.428062
0.427979
0.428207
0.428896
0.429448
0.429545
0.429353
0.430044
0.430532
0.430378
0.430323
0.43005
0.430133
0.430706
0.431221
0.430681
0.430412
0.429807
0.429874
0.429557
0.429485
0.429932
0.430059
0.430196
0.430606
0.430494
0.430865
0.430812
0.4308
