0.968468
0.914027
0.825064
0.728544
0.672414
0.646735
0.619365
0.601914
0.590263
0.578195
0.574416
0.569876
0.563454
0.55911
0.556488
0.554331
0.552688
0.549339
0.547745
0.546326
0.544925
0.543801
0.541477
0.540072
0.537651
0.537345
0.536565
0.536388
0.536957
0.536786
0.536426
0.536793
0.536311
0.535286
0.534599
0.534846
0.534897
0.535735
0.536679
0.536218
0.534786
0.534516
0.534468
0.5339
0.533277
0.534091
0.533224
0.532247
0.531502
0.531099
0.530818
0.530966
0.531038
0.531133
0.530618
0.530283
0.530138
0.530172
0.529622
0.529754
0.528836
0.528457
0.528788
0.52854
0.528256
0.528885
0.528566
0.527359
0.526888
0.527075
0.527159
0.527656
0.527049
0.526924
0.527158
0.526393
0.526316
0.525755
0.52539
0.525054
0.524842
0.524578
0.524419
0.523853
0.523641
0.523528
0.523152
0.523227
0.523034
0.522911
0.52287
0.522914
0.523188
0.523258
0.523063
0.523132
0.5229
0.522699
0.5228
