0.922156
0.863501
0.72823
0.649446
0.582645
0.550674
0.517079
0.499626
0.487264
0.471343
0.466212
0.459651
0.454877
0.449712
0.444686
0.441513
0.440441
0.435775
0.433558
0.430754
0.429838
0.428681
0.428545
0.42682
0.423913
0.421761
0.420275
0.420313
0.419248
0.419053
0.417752
0.41691
0.416155
0.416609
0.41537
0.41467
0.414625
0.414368
0.414791
0.413917
0.413212
0.41257
0.413241
0.413548
0.413727
0.413595
0.413145
0.412507
0.41239
0.412227
0.412836
0.412673
0.411196
0.412235
0.413373
0.413927
0.413912
0.413755
0.413441
0.413354
0.413294
0.412919
0.413461
0.41359
0.414199
0.414223
0.413626
0.411553
0.410159
0.410047
0.409133
0.409769
0.409433
0.409111
0.408393
0.408251
0.408084
0.407192
0.406718
0.40623
0.406732
0.407284
0.406996
0.405614
0.405532
0.405497
0.405062
0.404447
0.403969
0.403682
0.403551
0.403137
0.40328
0.403333
0.40329
0.403141
0.402969
0.403252
0.403211
