0.369485
0.392655
0.389809
0.396863
0.401972
0.40678
0.403867
0.402542
0.400336
0.39875
0.401
0.404927
0.406017
0.406674
0.410276
0.412506
0.411046
0.412947
0.415697
0.416054
0.414685
0.415276
0.416307
0.415007
0.415507
0.415695
0.417085
0.417279
0.416924
0.416704
0.418663
0.418934
0.419143
0.418723
0.418764
0.420141
0.419949
0.419168
0.41944
0.420593
0.42006
0.42135
0.421162
0.421981
0.422606
0.421876
0.42233
0.42208
0.421744
0.422147
0.42245
0.423326
0.423433
0.424174
0.424412
0.424391
0.424106
0.421809
0.420112
0.42136
0.421473
0.420916
0.420564
0.419739
0.418975
0.418252
0.417476
0.416766
0.415574
0.415259
0.415138
0.415264
0.414994
0.414834
0.414282
0.4148
0.414319
0.414206
0.413535
0.413709
0.413199
0.413214
0.413405
0.413583
0.414047
0.414141
0.414026
0.414312
0.414299
