0.817901
0.826019
0.791152
0.777949
0.760366
0.739308
0.717915
0.695253
0.675179
0.660233
0.65281
0.6446
0.635851
0.627245
0.620596
0.61148
0.603464
0.599339
0.593537
0.586392
0.579284
0.570074
0.564857
0.558135
0.55287
0.548309
0.540317
0.53271
0.525702
0.521149
0.51499
0.509999
0.50521
0.501269
0.4969
0.493001
0.488602
0.483904
0.479378
0.477369
0.473408
0.469539
0.466635
0.464261
0.462053
0.458574
0.456657
0.454682
0.450782
0.44767
0.445469
0.443065
0.439992
0.437189
0.435037
0.433066
0.431135
0.429368
0.427439
0.426044
0.424035
0.422265
0.420801
0.419233
0.417825
0.41573
0.413609
0.411638
0.410246
0.408248
0.40717
0.405589
0.404877
0.404062
0.402649
0.401119
0.400618
0.400513
0.398775
0.398077
0.397165
0.396214
0.394829
0.39353
0.393168
0.392335
0.39013
0.389866
0.389642
0.388896
0.387851
0.386625
0.385701
0.385019
0.3844
0.383751
0.383682
0.383175
0.38336
0.382482
0.381851
0.38099
0.380155
0.379508
0.379008
0.378579
0.377325
0.376908
0.376025
0.375033
0.37459
0.374103
0.373648
0.373118
0.37239
0.371977
0.371766
0.370834
0.370673
0.3706
0.369827
0.369019
0.368783
0.368324
0.367674
0.367345
0.366849
0.365913
0.36541
0.365397
0.364746
0.364197
0.364198
0.363975
0.36351
0.363094
0.362556
0.362184
0.361908
0.361432
0.361197
0.361361
0.361222
0.361504
0.361521
0.361464
0.361381
0.361296
0.361186
0.360683
0.360377
0.360118
0.35989
0.35941
0.359139
0.358636
0.358603
0.358243
0.358175
0.35762
0.35724
0.357072
0.35689
0.356575
0.356367
0.356073
0.356199
0.355891
0.356124
0.355955
0.356093
0.355783
0.355542
0.35504
0.354704
0.354826
0.354781
0.354528
0.35447
0.354229
0.354204
0.354064
0.353842
0.353908
0.354038
0.353919
0.353719
0.353155
0.353019
0.352405
0.352402
0.351968
0.35202
0.351923
0.35154
0.350955
0.351006
0.350458
0.350568
0.350477
0.350094
0.349865
0.350062
0.349857
0.34963
0.349414
0.349371
0.349261
0.349235
0.348949
0.348902
0.348708
0.348942
0.348939
0.349044
0.348853
0.348563
0.348868
0.34889
0.348517
0.348313
0.348003
0.347784
0.347441
0.347268
0.347174
0.346846
0.346603
0.34623
0.346067
0.345831
0.345769
0.345867
0.345678
0.345754
0.345822
0.345502
0.345342
0.345291
0.345076
0.345327
0.345269
0.345253
0.345114
0.345034
0.344818
0.34451
0.344546
0.344314
0.344136
0.343984
0.343969
0.343843
0.34358
0.343529
0.343576
0.343302
0.343114
0.343181
0.343135
0.343125
0.343094
0.343041
0.343046
0.342835
0.342755
0.342829
0.342843
0.342709
0.342844
0.342974
0.342924
0.343016
0.342728
0.342927
0.342952
0.342998
0.343283
0.343478
0.343404
0.34327
0.343416
0.343515
0.343679
0.343645
0.343585
0.343708
0.343573
0.343759
0.343861
0.343726
0.343716
0.343829
0.343721
0.343685
0.34336
0.343203
0.343178
0.34319
0.343107
0.34317
0.343102
0.343034
0.342867
0.342791
0.342793
0.342571
0.342639
0.34271
0.342701
0.342657
0.342785
0.342806
0.342877
0.343038
0.343214
0.3433
0.343238
0.343148
0.34313
0.343154
0.343014
0.342985
0.342969
0.342996
0.342944
0.343084
0.343017
0.34299
0.342893
0.342727
0.342547
0.342445
0.342421
0.342193
0.34229
0.342372
0.342427
0.342532
0.342571
0.342567
0.342688
0.342631
0.342528
0.342502
0.342401
0.342399
0.342241
0.34213
0.342216
0.342211
0.34218
0.342044
0.341973
0.342077
0.342007
0.342006
0.342059
0.341955
0.342011
0.341933
0.342047
0.34193
0.341786
0.341752
0.341765
0.34181
0.341913
0.341908
0.341861
0.341876
0.341857
0.341906
0.342006
0.342092
0.342084
0.341871
0.341638
0.341695
0.341669
0.341718
0.34177
0.341722
0.341784
0.341843
0.341789
0.341827
0.34182
0.341635
0.341687
0.341609
0.341657
0.341528
0.341388
0.34132
0.341166
0.341154
0.34112
0.341104
0.341045
0.341124
0.341203
0.341393
0.341231
0.341206
0.341299
0.341402
0.341404
0.34136
0.341167
0.341179
0.341093
0.340974
0.341036
0.341054
0.341059
0.341101
0.341184
0.34115
0.34124
0.341106
0.341233
0.341169
0.341302
0.34135
0.341443
0.341525
0.341323
0.341297
0.341288
0.341271
0.341301
0.341188
0.341236
0.341364
0.3413
0.341454
0.341354
0.341472
0.341436
0.341438
0.341448
0.341519
0.34167
0.341737
0.34185
0.341984
0.341966
0.341982
0.341974
0.341934
0.34208
0.342129
0.342178
0.342096
0.342236
0.342181
0.342173
0.342249
0.342175
0.342136
0.342157
0.342134
0.342304
0.34229
0.342142
0.342229
0.342393
0.342348
0.342396
0.342489
0.342568
0.342557
0.342686
0.342765
0.342711
0.342748
0.34278
0.342778
0.342845
0.34289
0.343008
0.343038
0.343074
0.343009
0.342943
0.343022
0.343027
0.343035
0.343021
0.343043
0.342951
0.34285
0.342936
0.343003
0.3429
0.34287
0.342953
0.342958
0.343028
0.343143
0.343195
0.343134
0.343169
0.343156
0.343208
0.343476
0.343602
0.343581
0.34362
0.343606
0.343672
0.343724
0.343737
0.343779
0.34378
0.343767
0.343786
0.343847
0.343873
0.343769
0.343889
0.344038
0.344036
0.344045
0.344072
0.34413
0.344066
0.344064
0.344104
0.344073
0.344191
0.344136
0.344063
0.344183
0.344237
0.344332
0.34431
0.344453
0.344505
0.344603
0.344631
0.344627
0.3447
0.344633
0.344596
0.344554
0.344504
0.344455
0.344488
0.344433
0.344406
0.344331
0.344296
0.344355
0.344357
0.344417
0.344463
0.344442
0.344542
0.344589
0.344593
0.344624
0.344636
0.344546
0.344529
0.344679
0.344717
0.3448
0.344895
0.344989
0.345001
0.344949
0.345005
0.344953
0.344905
0.344906
0.344963
0.345055
0.345075
0.345066
0.344966
0.34506
0.344949
0.344908
0.345011
0.344974
0.344935
0.345122
0.345154
0.345207
0.345248
0.34526
0.345262
0.345233
0.345195
0.345373
0.345384
0.345358
0.345339
0.345302
0.345399
0.345493
0.34551
0.34557
0.345413
0.345311
0.345348
0.345416
0.345435
0.345385
0.345389
0.34537
0.345358
0.3454
0.345355
0.345369
0.34526
0.345266
0.345297
0.345365
0.345325
0.34527
0.345275
0.345394
0.345324
0.345316
0.345276
0.345321
0.345396
0.345392
0.345383
0.345375
0.345474
0.345522
0.345642
0.345743
0.345824
0.345809
0.345908
0.345917
0.345983
0.345955
0.345933
0.345903
0.345798
0.345839
0.345906
0.346008
0.345993
0.346087
0.34603
0.345858
0.345845
0.345767
0.345734
0.345673
0.345638
0.345588
0.34556
0.34558
0.345719
0.345771
0.345812
0.345895
0.345846
0.345882
0.345884
0.345768
0.345855
0.345898
0.345889
0.346006
0.346038
0.346083
0.346016
0.346033
0.345989
0.346001
0.346094
0.346096
0.346123
0.346082
0.346071
0.34606
0.346131
0.346146
0.346169
0.346281
0.34634
0.346419
0.34658
0.346624
0.346672
0.34669
0.346766
0.346766
0.346768
0.346837
0.346885
0.346928
0.346874
0.346969
0.346919
0.346988
0.34706
0.347147
0.347155
0.347125
0.347068
0.347093
0.347167
0.347142
0.347242
0.347355
0.347313
0.347366
0.347346
0.34733
0.347466
0.347476
0.347465
0.347489
0.347476
0.347476
0.347527
0.347556
0.347628
0.347605
0.347682
0.34771
0.347908
0.347923
0.347892
0.347902
0.347832
0.347867
0.347887
0.347879
0.347926
0.347899
0.347902
0.347931
0.347883
0.347886
0.348
0.348027
0.348132
0.348197
0.348191
0.348196
0.348257
0.348294
0.348349
0.348316
0.348395
0.348361
0.348485
0.348472
0.348526
0.348625
0.348659
0.348621
0.348631
0.348664
0.348637
0.348649
0.348765
0.348791
0.348802
0.348899
0.34897
0.349032
0.349062
0.349103
0.349121
0.349136
0.349174
0.349231
0.349285
0.34927
0.349299
0.34926
0.349314
0.349441
0.349481
0.349441
0.349413
0.349386
0.349322
0.349354
0.349374
0.349312
0.34938
0.349396
0.34934
0.349417
0.349427
0.349489
0.349547
0.349589
0.349582
0.349631
0.349652
0.349657
0.349712
0.349713
0.349655
0.349661
0.349722
0.349805
0.34975
0.349746
0.349791
0.349815
0.349839
0.349847
0.349868
0.349932
0.349933
0.349975
0.350032
0.350106
0.350066
0.350104
0.350086
0.350167
0.350202
0.350238
0.350312
0.350304
0.350326
0.350403
0.350413
0.350425
0.350382
0.350319
0.350351
0.350383
0.350433
0.350484
0.350573
0.350615
0.350711
0.350688
0.350742
0.350786
0.350886
0.350894
0.350902
0.350883
0.350844
0.350843
0.350865
0.350943
0.350893
0.350982
0.350901
0.350907
0.350846
0.350893
0.350877
0.350804
0.35088
0.350855
0.350851
0.350811
0.350827
0.350844
0.350909
0.350967
0.350947
0.351016
0.351006
0.351009
0.351025
0.35109
0.351102
0.351181
0.351188
0.35128
0.3513
0.351387
0.351484
0.351563
0.351542
0.351587
0.351604
0.351661
0.35168
0.351675
0.351662
0.35181
0.351815
0.35181
0.351783
0.351853
0.351894
0.35189
0.351937
0.351931
0.351972
0.351965
0.351975
0.351972
0.352004
0.352014
0.352063
0.352055
0.352118
0.352117
0.352142
0.352188
0.352243
0.352195
0.352156
0.352178
0.352247
0.352251
0.352176
0.352226
0.352226
0.352213
0.352263
0.352328
0.352339
0.352389
0.35244
0.352448
0.352526
0.352576
0.352623
0.352628
0.352659
0.352662
0.352695
0.352647
0.352691
0.35265
0.352634
0.352687
0.352694
0.35273
0.352759
0.352799
0.35286
0.352861
0.352814
0.352804
0.352923
0.35298
0.352932
0.352957
0.353035
0.353005
0.353076
0.353184
0.353234
0.353208
0.353202
0.35321
0.35322
0.353289
0.353313
0.353364
0.353394
0.353372
0.353436
0.353424
0.353465
0.35352
0.353511
0.353505
0.353441
0.353445
0.353441
0.353423
0.353388
0.353456
0.353477
0.353536
0.353568
0.353599
0.353597
0.353566
0.353546
0.353529
0.353595
0.353637
0.353678
0.353691
0.353684
0.353694
0.353729
0.353758
0.353756
0.353843
0.35387
0.353943
