0.897929
0.86417
0.844181
0.833518
0.819345
0.808474
0.793937
0.783408
0.768102
0.759798
0.75457
0.747519
0.741591
0.734518
0.729824
0.721836
0.71641
0.710917
0.70478
0.697236
0.688446
0.681115
0.675133
0.667768
0.661744
0.655277
0.64958
0.642554
0.635269
0.628913
0.623522
0.617196
0.612026
0.606979
0.602138
0.59644
0.592875
0.588077
0.583198
0.579044
0.575075
0.570341
0.566661
0.562329
0.558884
0.555012
0.551397
0.548014
0.544751
0.540842
0.537492
0.534549
0.531124
0.528173
0.526466
0.523972
0.521396
0.519541
0.517192
0.514925
0.512687
0.510757
0.508838
0.507093
0.504683
0.50283
0.500583
0.498571
0.49745
0.495618
0.494596
0.493449
0.492141
0.490962
0.489502
0.487661
0.485953
0.484355
0.483101
0.481991
0.480997
0.480156
0.478673
0.477477
0.4763
0.474849
0.473831
0.472928
0.471671
0.470128
0.468863
0.468094
0.467263
0.466489
0.465347
0.464367
0.463262
0.462235
0.461837
0.46099
0.460279
0.459279
0.458712
0.45787
0.456783
0.455799
0.454962
0.453911
0.453135
0.452752
0.45195
0.451336
0.450593
0.450122
0.449711
0.449519
0.448695
0.447874
0.447037
0.446499
0.445836
0.445589
0.44499
0.444141
0.44378
0.443085
0.442147
0.441578
0.441073
0.44072
0.439991
0.439846
0.439071
0.438675
0.438461
0.437945
0.437601
0.437217
0.436685
0.436272
0.435738
0.435521
0.43507
0.43494
0.434822
0.434411
0.434142
0.43358
0.433272
0.432839
0.43246
0.431994
0.431722
0.431273
0.430873
0.43027
0.429929
0.429743
0.429341
0.428951
0.428511
0.428172
0.427967
0.427878
0.427815
0.427699
0.427247
0.426808
0.426797
0.426462
0.426112
0.426016
0.425852
0.425618
0.425367
0.42527
0.425113
0.424767
0.424585
0.424525
0.424166
0.42406
0.423712
0.423531
0.42307
0.422816
0.422722
0.422679
0.422527
0.422541
0.422602
0.422593
0.422418
0.422319
0.422024
0.421733
0.421665
0.421523
0.421329
0.421198
0.421046
0.420933
0.420678
0.420635
0.420564
0.420333
0.420295
0.420279
0.420122
0.420063
0.419882
0.419901
0.419898
0.419897
0.419615
0.419386
0.419266
0.419081
0.419063
0.418905
0.418729
0.418666
0.418555
0.418585
0.418555
0.418358
0.418248
0.418053
0.417882
0.417757
0.417846
0.417927
0.417937
0.417928
0.417881
0.417821
0.41772
0.417601
0.417591
0.417586
0.4175
0.417379
0.417302
0.417123
0.417395
0.417586
0.417578
0.41742
0.41721
0.417123
0.417111
0.417143
0.416969
0.416959
0.416699
0.416572
0.416376
0.416186
0.416251
0.416056
0.416011
0.415926
0.415889
0.416043
0.416111
0.416115
0.416031
0.416134
0.416165
0.416167
0.416308
0.416319
0.416354
0.416084
0.416019
0.41602
0.41602
0.416057
0.416211
0.415998
0.416053
0.415923
0.415828
0.415758
0.415756
0.4157
0.415683
0.415712
0.415588
0.415473
0.415299
0.415231
0.415277
0.415287
0.415493
0.415343
0.415416
0.415311
0.415186
0.415124
0.414968
0.414875
0.414898
0.414734
0.414782
0.414891
0.414856
0.41484
0.414661
0.414799
0.414822
0.414862
0.414724
0.414934
0.415007
0.414905
0.414848
0.415031
0.415058
0.414959
0.414934
0.414774
0.414778
0.414794
0.414861
0.414691
0.414612
0.414524
0.414365
0.414392
0.414368
0.414271
0.414218
0.414091
0.414062
0.414057
0.414023
0.414032
0.4139
0.413916
0.413929
0.414136
0.414031
0.41402
0.414093
0.413975
0.413969
0.414017
0.413909
0.413793
0.413658
0.413605
0.41347
0.413638
0.413453
0.413407
0.413425
0.413336
0.413301
0.413236
0.413143
0.413099
0.413135
0.413238
0.413242
0.413349
0.413376
0.413202
0.413288
0.413258
0.413129
0.413023
0.413096
0.413125
0.413066
0.412909
0.412847
0.412826
0.412728
0.412683
0.412637
0.412678
0.412693
0.412658
0.412719
0.412926
0.412938
0.412952
0.413015
0.413231
0.413304
0.413273
0.413394
0.41353
0.413563
0.413601
0.413615
0.413668
0.413668
0.413585
0.413604
0.413647
0.413644
0.413579
0.413625
0.413667
0.413679
0.413701
0.413607
0.413553
0.413608
0.41354
0.413537
0.413673
0.413701
0.413593
0.413667
0.413703
0.413714
0.413836
0.413826
0.413869
0.413902
0.413959
0.414059
0.414096
0.414134
0.41393
0.413953
0.414011
0.414022
0.414094
0.41407
0.414052
0.414034
0.414042
0.414062
0.414103
0.414234
0.414227
0.414163
0.414115
0.414036
0.413989
0.414021
0.414109
0.414117
0.414164
0.414295
0.414332
0.414429
0.414479
0.414474
0.414412
0.414384
0.414362
0.414286
0.414203
0.414311
0.414338
0.414357
0.41445
0.414438
0.414419
0.414447
0.414437
0.414478
0.414511
0.414549
0.414508
0.414457
0.414456
0.414477
0.414562
0.414479
0.414529
0.41462
0.414613
0.414565
0.41445
0.414454
0.414496
0.414495
0.414513
0.414521
0.414605
0.41461
0.414573
0.414595
0.414499
0.414452
0.414489
0.41462
0.414618
0.414636
0.414652
0.414733
0.414738
0.414856
0.414883
0.414845
0.414818
0.414828
0.414812
0.414899
0.414806
0.414816
0.414839
0.414841
0.414836
0.41485
0.414819
0.414873
0.414828
0.414913
0.414916
0.41494
0.414951
0.41491
0.414979
0.415069
0.415105
0.415092
0.415161
0.415214
0.415164
0.415304
0.415283
0.415252
0.415249
0.415168
0.415203
0.415171
0.415197
0.415238
0.415331
0.41538
0.415352
0.415329
0.415345
0.415431
0.415485
0.41551
0.415432
0.415391
0.415368
0.415319
0.415328
0.415334
0.415328
0.41536
0.415366
0.415434
0.415514
0.415534
0.415468
0.41545
0.415529
0.415558
0.415567
0.415645
0.415635
0.41564
0.415624
0.415715
0.415762
0.415888
0.416051
0.416154
0.416103
0.416049
0.41601
0.416019
0.415999
0.416088
0.416085
0.416107
0.41605
0.416021
0.416054
0.416101
0.416124
0.416124
0.416102
0.416109
0.416179
0.416208
0.416296
0.41632
0.416405
0.416492
0.416551
0.416567
0.416576
0.416567
0.41655
0.416565
0.416616
0.41665
0.416658
0.416599
0.416618
0.416613
0.416677
0.416721
0.416702
0.41675
0.416759
0.416829
0.416875
0.41687
0.416887
0.416845
0.416924
0.416966
0.417012
0.417
0.41696
0.416917
0.416947
0.417035
0.417044
0.417203
0.417207
0.41723
0.41724
0.417243
0.417322
0.417297
0.417304
0.417352
0.417363
0.417395
0.417434
0.417353
0.417328
0.417333
0.417353
0.4174
0.417421
0.417413
0.417386
0.417451
0.417521
0.41758
0.417583
0.417628
0.417671
0.417603
0.417644
0.417596
0.417597
0.417649
0.417603
0.417545
0.417598
0.417597
0.417657
0.417697
0.417698
0.417679
0.417704
0.417732
0.417732
0.417811
0.417884
0.417869
0.417866
0.417842
0.417796
0.417769
0.417856
0.417809
0.417857
0.417768
0.417807
0.417746
0.417819
0.417843
0.417916
0.417931
0.417918
0.417903
0.417891
0.417884
0.417953
0.417923
0.417955
0.418015
0.418085
0.418091
0.418116
0.418164
0.418187
0.418105
0.418135
0.418143
0.418151
0.418195
0.418271
0.418282
0.41838
0.418402
0.418382
0.41834
0.418356
0.418404
0.418446
0.418542
0.41859
0.418608
0.418601
0.418592
0.418647
0.418612
0.418709
0.418695
0.418741
0.418706
0.41871
0.418762
0.4188
0.418881
0.418876
0.418849
0.418895
0.418883
0.41884
0.418925
0.418958
0.419004
0.419038
0.419135
0.419142
0.419144
0.419168
0.419251
0.419242
0.419343
0.419379
0.419416
0.419435
0.419431
0.419437
0.419463
0.419495
0.419501
0.419535
0.419535
0.41953
0.419543
0.419607
0.419657
0.419677
0.419792
0.419801
0.419816
0.419838
0.419946
0.41995
0.419975
0.42
0.42004
0.4201
0.420051
0.420076
0.420106
0.420156
0.420187
0.420182
0.42017
0.420174
0.420182
0.420173
0.420283
0.42033
0.420404
0.420387
0.420368
0.420355
0.420383
0.420444
0.420457
0.420472
0.420487
0.420512
0.420473
0.420555
0.420566
0.420637
0.420695
0.420721
0.420722
0.420702
0.420789
0.420765
0.420837
0.420924
0.420962
0.421015
0.421071
0.42111
0.421095
0.421172
0.421234
0.421286
0.421377
0.421421
0.421428
0.4215
0.42151
0.421544
0.421646
0.421677
0.421646
0.421693
0.421707
0.421705
0.421734
0.421759
0.421777
0.421802
0.421767
0.421782
0.421779
0.42176
0.421845
0.421857
0.42192
0.42196
0.422078
0.422081
0.422065
0.422097
0.422094
0.422082
0.422084
0.422128
0.422168
0.42218
0.4222
0.422278
0.422369
0.422386
0.422434
0.422516
0.42256
0.422563
0.422644
0.422684
0.422714
0.422709
0.422736
0.422722
0.422742
0.42278
0.422806
0.422857
0.422806
0.422813
0.422827
0.422802
0.422803
0.422786
0.422781
0.422783
0.422799
0.422805
0.422814
0.42285
0.422842
0.422827
0.422902
0.422862
0.42292
0.422966
0.42287
0.422891
0.42287
0.422925
0.422936
0.422992
0.423005
0.422973
0.423044
0.423093
0.423192
0.42327
0.423283
0.423352
0.423414
0.423474
0.423549
0.423575
0.423617
0.423608
0.423595
0.423666
0.423717
0.423712
0.423736
0.423775
0.423799
0.423842
0.423898
0.423938
0.424004
0.42403
0.42401
0.424039
0.42412
0.42414
0.424184
0.424234
0.424266
0.424323
0.424347
0.424385
0.424443
0.424441
0.424538
0.42455
0.424581
0.424597
0.424613
0.424586
0.424599
0.424627
0.424627
0.424667
0.42469
0.42468
0.424656
0.424657
0.424709
0.424678
0.424708
0.424789
0.424864
0.424909
0.424906
0.424958
0.42499
0.425027
0.425068
0.425076
0.425088
0.425065
0.425127
0.425168
0.425188
0.425258
0.425326
0.425385
0.425371
0.425379
0.425398
0.425434
0.425445
0.425487
0.425504
0.425542
0.425555
0.425626
0.425648
0.425681
0.425702
0.425711
0.425744
0.425771
0.425829
0.425891
0.425922
0.426002
0.426029
0.42604
0.426092
0.426087
0.426125
0.426206
0.426223
0.426208
0.426228
0.426239
0.42624
0.426221
0.426226
0.426325
0.426341
0.426317
0.426318
0.426334
0.426336
0.426305
0.426342
0.426378
0.426457
0.426462
0.426472
