0.54649
0.562037
0.562461
0.560455
0.561197
0.563688
0.560011
0.5628
0.565949
0.568347
0.56684
0.563662
0.559736
0.557572
0.554764
0.55047
0.550123
0.546507
0.542995
0.540138
0.540051
0.540557
0.53982
0.538566
0.538951
0.538059
0.538554
0.537635
0.537032
0.537715
0.537858
0.538609
0.536769
0.537448
0.537974
0.538049
0.537826
0.537986
0.537934
0.53819
0.537562
0.536579
0.536063
0.53613
0.536068
0.535471
0.535918
0.536318
0.536613
0.536546
0.536529
0.537094
0.53705
0.537832
0.538405
0.538501
0.538219
0.53856
0.538586
0.538457
0.538828
0.538973
0.538737
0.539035
0.53878
0.538393
0.538089
0.537475
0.537443
0.537586
0.53737
0.536718
0.536442
0.536487
0.536613
0.536469
0.535786
0.535927
0.535718
0.534859
0.534996
0.534633
0.534415
0.53358
0.532916
0.532924
0.532431
0.532257
0.53256
0.531943
0.532707
0.532634
0.532509
0.532342
0.532202
0.532099
0.531961
0.531482
0.531095
0.530485
0.530208
0.529706
0.529768
0.529799
0.529533
0.52955
0.529187
0.528864
0.528831
0.528748
0.528914
0.529002
0.528692
0.528544
0.528448
0.528305
0.528295
0.52828
0.528206
0.528176
0.527977
0.528176
0.527892
0.527996
0.528233
0.528332
0.528093
0.528243
0.527831
0.527714
0.527818
0.527875
0.528085
0.528189
0.527813
0.527953
0.527975
0.528011
0.527672
0.527846
0.52767
0.527837
0.528151
0.528125
0.528011
0.527795
0.527831
0.527934
0.527726
0.52749
0.527574
0.527457
0.527586
0.527593
0.527631
0.527418
0.527404
0.527589
0.527514
0.527486
0.527361
0.527287
0.527252
0.527132
0.527089
0.527294
0.527316
0.527307
0.527435
0.527425
0.527362
0.527363
0.52723
0.52716
0.527005
0.526923
0.52674
0.526535
0.526316
0.526229
0.526014
0.526204
0.5261
0.526019
0.525991
0.525803
0.525899
0.525838
0.52574
0.525707
0.525685
0.525554
0.525309
0.525299
0.525287
0.525201
0.525073
0.525021
0.524902
0.524797
0.524824
0.524934
0.525045
0.524816
0.524866
0.524959
0.524927
0.524948
0.524982
0.524726
0.524623
0.524569
0.524496
0.524462
0.524243
0.524464
0.524237
0.524235
0.524169
0.524278
0.52425
0.524209
0.524216
0.523957
0.523837
0.523687
0.523452
0.523335
0.523248
0.523237
0.523177
0.523042
0.523082
0.522902
0.522776
0.522794
0.52277
0.522682
0.522556
0.522375
0.522355
0.522446
0.522382
0.52254
0.522433
0.522367
0.52222
0.522148
0.521806
0.521761
0.521833
0.521717
0.521677
0.521771
0.521806
0.521732
0.521517
0.521366
0.521373
0.521264
0.521124
0.520924
0.520841
0.520626
0.520511
0.520456
0.520265
0.520208
0.520059
0.519894
0.52003
0.519991
0.519958
0.520038
0.520101
0.519954
0.519789
0.519829
0.519884
0.520002
0.519937
0.519988
0.519957
0.520147
0.520284
0.520066
0.52012
0.520021
0.519937
0.519967
0.51995
0.519786
0.519668
0.519691
0.519858
0.519967
0.520015
0.520143
0.520138
0.520247
0.520065
0.520172
0.520246
0.520333
0.520379
0.520341
0.520289
0.520278
0.520086
0.520193
0.520271
0.520318
0.520328
0.520284
0.520287
0.520292
0.52042
0.520301
0.520318
0.520302
0.520289
0.520349
0.520404
0.520358
0.520279
0.520248
0.520334
0.52028
0.520218
0.520163
0.52011
0.520146
0.520112
0.519944
0.519812
0.519763
0.519769
0.51976
0.519696
0.519628
0.519645
0.519621
0.51964
0.519561
0.519456
0.519461
0.519326
0.519265
0.519218
0.519179
0.51917
0.519107
0.519078
0.519034
0.519111
0.519117
0.519094
0.519047
0.518979
0.519079
0.518994
0.518938
0.518799
0.518786
0.518803
0.518868
0.518809
0.518734
0.518755
0.518664
0.518672
0.518733
0.518798
0.518834
0.518877
0.51892
0.518977
0.51899
0.519038
0.519104
0.519201
0.519279
0.519375
0.519449
0.519556
0.519518
0.519562
0.519603
0.519559
0.51956
0.519597
0.519564
0.519629
0.519673
0.519667
0.519713
0.519741
0.519723
0.519654
0.519608
0.51966
0.519657
0.519532
0.5195
0.519535
0.519631
0.519609
0.519693
0.519699
0.519658
0.519685
0.51973
0.519774
0.519761
0.519711
0.519738
0.519672
0.51967
0.519766
0.519785
0.519786
0.519931
0.52002
0.519995
0.519984
0.519944
0.519834
0.519816
0.519706
0.519663
0.519723
0.51965
0.519604
0.519687
0.51966
0.519706
0.519706
0.519717
0.519643
0.519663
0.519662
0.51965
0.519635
0.519532
0.519446
0.519449
0.519442
0.519453
0.519442
0.51941
0.519458
0.519424
0.519478
0.519517
0.519433
0.519368
0.519331
0.519311
0.519379
0.519356
0.519418
0.51937
0.519362
0.519383
0.519454
0.519519
0.519526
0.519532
0.519492
0.519477
0.519434
0.519374
0.519411
0.519393
0.519396
0.519409
0.519393
0.519344
0.519339
0.519288
0.519292
0.519161
0.519202
0.519183
0.519162
0.519174
0.519171
0.519222
0.519237
0.519094
0.519023
0.51903
0.519086
0.519026
0.51889
0.518886
0.51883
0.518835
0.518763
0.518742
0.518751
0.518729
0.518782
0.518785
0.51874
0.518659
0.518563
0.518521
0.518439
0.518466
0.518381
0.518311
0.518286
0.518323
0.518314
0.518324
0.51836
0.518355
0.518344
0.518372
0.518423
0.518384
0.518395
0.518428
0.518409
0.51843
0.518474
0.518446
0.518464
0.51847
0.518614
0.518539
0.518546
0.518524
0.518482
0.518461
0.518452
0.518403
0.518428
0.518395
0.518393
0.51842
0.518492
0.518481
0.518513
0.518562
0.518624
0.518585
0.518614
0.518575
0.518579
0.518611
0.518692
0.518793
0.518821
0.518882
0.518947
0.518992
0.518986
0.518966
0.519027
0.51905
0.519026
0.518968
0.518936
0.518917
0.518942
0.518966
0.518916
0.518856
0.518865
0.518884
0.518893
0.518869
0.5188
0.518767
0.518795
0.518804
0.5188
0.518856
0.518813
0.518784
0.518745
0.518781
0.518781
0.518738
0.518747
0.518766
0.518685
0.518657
0.518651
0.518727
0.518763
0.518757
0.51868
0.518678
0.518599
0.518576
0.518457
0.518388
0.518378
0.518411
0.518418
0.518385
0.518365
0.518304
0.518325
0.518327
0.518307
0.518298
0.518319
0.51832
0.518353
0.518264
0.518219
0.518202
0.518271
0.518195
0.518178
0.518183
0.51825
0.518229
0.51824
0.518263
0.518176
0.518242
0.518201
0.51824
0.518262
0.518262
0.518225
0.518235
0.518218
0.518197
0.51816
0.518166
0.518183
0.518141
0.518034
0.517986
0.518027
0.518057
0.518032
0.51803
0.518018
0.517986
0.517943
0.51792
0.517861
0.517876
0.517886
0.517916
0.517865
0.517825
0.517731
0.517659
0.517632
0.5177
0.517639
0.517608
0.517591
0.51756
0.517563
0.517602
0.517611
0.517661
0.517604
0.517538
0.517545
0.517526
0.517519
0.517535
0.517546
0.517548
0.517532
0.517504
0.517501
0.517544
0.517566
0.517613
0.517608
0.517599
0.517588
0.517549
0.517538
0.517611
0.517629
0.517609
0.517529
0.517538
0.51759
0.517614
0.517614
0.517598
0.517614
0.517635
0.517588
0.517603
0.517618
0.517604
0.517611
0.517633
0.517674
0.517695
0.517662
0.517625
0.517627
0.517592
0.517598
0.517594
0.517553
0.517514
0.517474
0.517455
0.51744
0.517388
0.517411
0.517483
0.517425
0.51743
0.517367
0.517284
0.517238
0.517236
0.517209
0.51717
0.517093
0.517042
0.517079
0.517059
0.517074
0.517056
0.517031
0.517056
0.517051
0.517013
0.516949
0.516936
0.517
0.516965
0.516973
0.516978
0.516918
0.51694
0.516961
0.516974
0.516923
0.516942
0.516911
0.516936
0.516921
0.516925
0.516962
0.516923
0.51696
0.516962
0.517011
0.517005
0.517042
0.517062
0.517012
0.517017
0.516983
0.516973
0.516926
0.516905
0.516957
0.516946
0.516996
0.516951
0.517014
0.517043
0.517042
0.516971
0.516965
0.516918
0.516943
0.516944
0.51697
0.51703
0.517058
0.517055
0.51702
0.517009
0.51701
0.516939
0.516935
0.51694
0.516896
0.516928
0.51698
0.51701
0.517052
0.517043
0.517087
0.517096
0.517091
0.517117
0.517104
0.517127
0.517112
0.517127
0.517113
0.517084
0.517071
0.517092
0.517123
0.517128
0.517143
0.517113
0.517127
0.517151
0.517162
0.517201
0.517165
0.517131
0.517143
0.517162
0.517156
0.517149
0.517189
0.517177
0.517136
0.517099
0.517075
0.51708
0.517064
0.517097
0.517049
0.517002
0.517006
0.516991
0.517031
0.517058
0.517068
0.51702
0.517036
0.517032
0.517058
0.517056
0.517041
0.517041
0.517058
0.517063
0.517068
0.517043
0.51706
0.517076
0.517035
0.517031
0.517021
0.516999
0.517032
0.517058
0.517031
0.517016
0.51705
0.517046
0.51702
0.517043
0.517038
0.517054
0.517015
0.517
0.516959
0.516952
0.516971
0.516977
0.516914
0.516895
0.516919
0.516923
0.516907
0.516904
0.516883
0.516877
0.516877
0.516903
0.516886
0.516865
0.51692
0.51693
0.516925
0.516903
0.516893
0.516886
0.516912
0.516963
0.516956
0.516964
0.516949
0.516924
0.516897
0.516893
0.516932
0.516923
0.516955
0.51694
0.516926
0.516958
0.516956
0.516925
0.51693
0.516925
0.516909
0.516905
0.51686
0.516849
0.516874
0.516859
0.51688
0.516896
0.516828
0.516829
0.516849
0.516849
0.516841
0.516819
0.516832
0.516787
0.516786
0.516814
0.516818
0.516816
0.516804
0.516813
0.516829
0.516844
0.516867
0.516906
0.516891
0.5169
0.516904
0.516917
0.516909
0.51688
0.516853
0.516845
0.516798
0.516792
0.516785
0.516804
0.516806
0.5168
0.516785
0.516819
0.516822
0.516832
0.516808
0.516849
0.516835
0.516847
0.516809
0.516849
0.516883
0.516868
0.516831
0.516846
0.516846
0.516829
0.516842
0.516811
0.516809
0.516871
0.51694
0.516985
0.51701
0.517008
0.516975
0.516971
0.517017
0.517013
0.517072
0.517039
0.516998
0.516961
0.516983
0.516945
0.516911
0.516832
0.516818
0.516801
0.516787
0.516762
0.51678
0.516772
0.516774
0.516742
0.516741
