0.818182
0.818452
0.811055
0.810345
0.785844
0.758032
0.736773
0.709764
0.690711
0.667482
0.661096
0.65115
0.644027
0.637442
0.631148
0.624731
0.616306
0.606587
0.600558
0.591871
0.582949
0.575941
0.569458
0.563096
0.55611
0.552148
0.546388
0.542137
0.53699
0.531449
0.526268
0.522536
0.517973
0.514257
0.510072
0.506071
0.502505
0.498839
0.494569
0.490531
0.487301
0.483648
0.480706
0.478791
0.475717
0.473164
0.468832
0.466274
0.463805
0.462175
0.459762
0.456278
0.453828
0.451858
0.45045
0.447252
0.445402
0.444201
0.441613
0.439371
0.437899
0.435824
0.434572
0.432045
0.431596
0.430346
0.429216
0.427422
0.426638
0.424569
0.423148
0.422444
0.421364
0.419975
0.418756
0.417282
0.415933
0.415157
0.413451
0.412378
0.41037
0.409683
0.408912
0.40777
0.407466
0.406376
0.405235
0.405227
0.404663
0.403991
0.402508
0.401554
0.400618
0.400084
0.398872
0.39758
0.397404
0.396647
0.396013
0.394479
0.393229
0.393212
0.392525
0.39212
0.392173
0.392125
0.391272
0.390846
0.390743
0.390538
0.390101
0.389462
0.388422
0.388085
0.387535
0.387331
0.386951
0.386791
0.386176
0.386118
0.385868
0.385163
0.384345
0.383918
0.383533
0.383459
0.383352
0.382782
0.382253
0.381258
0.381514
0.381759
0.381639
0.381138
0.380956
0.380979
0.380926
0.380573
0.380558
0.380341
0.380117
0.379593
0.379607
0.379495
0.379137
0.378877
0.37874
0.378223
0.377988
0.377599
0.377542
0.377035
0.377052
0.376835
0.37679
0.376319
0.376081
0.376014
0.375804
0.375625
0.375461
0.375604
0.375153
0.374897
0.37504
0.374907
0.374709
0.374482
0.374284
0.374214
0.374149
0.373905
0.373684
0.373266
0.373086
0.37289
0.372632
0.372581
0.372436
0.372158
0.371844
0.371615
0.371618
0.371452
0.371161
0.371064
0.371224
0.370895
0.370951
0.371007
0.370426
0.370481
0.370406
0.370488
0.370439
0.370437
0.370188
0.369753
0.369859
0.369971
0.369987
0.369673
0.36954
0.369328
0.369097
0.369237
0.36895
0.368812
0.369143
0.369049
0.368844
0.368716
0.368563
0.368561
0.368613
0.368535
0.36829
0.368492
0.368335
0.368362
0.3685
0.36829
0.36801
0.368215
0.368098
0.368109
0.368072
0.367979
0.367876
0.36787
0.367871
0.367438
0.367364
0.367476
0.367457
0.367343
0.367065
0.36717
0.367081
0.366745
0.366704
0.36668
0.366615
0.366625
0.366227
0.366146
0.366127
0.366103
0.365998
0.36611
0.366326
0.366381
0.366365
0.36637
0.366413
0.366342
0.366447
0.366505
0.366312
0.366506
0.366493
0.366366
0.366556
0.366422
0.366383
0.366543
0.366594
0.366506
0.366532
0.366448
0.366378
0.366514
0.366383
0.366495
0.366586
0.366634
0.366588
0.366414
0.366411
0.366384
0.366527
0.366516
0.366373
0.366472
0.366552
0.366469
0.366377
0.366474
0.366567
0.366506
0.366427
0.366332
0.366254
0.366448
0.366369
0.366529
0.366587
0.366553
0.366632
0.366439
0.366448
0.366478
0.366611
0.36649
0.366371
0.366335
0.366136
0.366108
0.366149
0.366314
0.366376
0.366528
0.366358
0.366309
0.366539
0.366415
0.366338
0.366032
0.366124
0.366
0.365783
0.36579
0.365887
0.366049
0.366111
0.366036
0.36623
0.366263
0.366033
0.365882
0.366079
0.366077
0.366057
0.366143
0.366067
0.366154
0.366049
0.365929
0.365864
0.365956
0.365879
0.365805
0.365919
0.365851
0.365926
0.365883
0.365964
0.366107
0.366033
0.366077
0.366048
0.366194
0.366425
0.366418
0.36648
0.366388
0.366503
0.366375
0.366573
0.366698
0.366732
0.36676
0.366748
0.366705
0.366775
0.366743
0.366689
0.366593
0.3666
0.366439
0.366242
0.366321
0.366345
0.36634
0.366366
0.366318
0.366215
0.366453
0.366357
0.366589
0.366605
0.366552
0.366683
0.36655
0.366436
0.366572
0.366724
0.366596
0.366423
0.366326
0.366284
0.366472
0.366533
0.366484
0.366502
0.366572
0.366685
0.3666
0.366797
0.366777
0.366764
0.366765
0.366725
0.366724
0.366743
0.366752
0.366512
0.366505
0.366458
0.366426
0.366307
0.366329
0.366389
0.366384
0.36639
0.366392
0.366566
0.366587
0.366622
0.36675
0.366835
0.36693
0.366955
0.366942
0.36684
0.366788
0.366545
0.36633
0.366254
0.36636
0.366249
0.366224
0.366415
0.366402
0.366552
0.36657
0.366465
0.366379
0.366261
0.366368
0.366322
0.366339
0.366343
0.366183
0.366053
0.366119
0.366131
0.366244
0.366341
0.366445
0.366351
0.366373
0.366329
0.366548
0.36662
0.366659
0.366683
0.366667
0.36671
0.366693
0.366531
0.366658
0.366654
0.366599
0.366607
0.366573
0.366471
0.366518
0.36646
0.366555
0.366529
0.366543
0.366537
0.366541
0.366619
0.366603
0.366578
0.366421
0.366382
0.366285
0.366519
0.366425
0.36638
0.366344
0.36641
0.366354
0.366246
0.366216
0.366326
0.366386
0.366385
0.366428
0.366303
0.366323
0.366276
0.366222
0.36624
0.366303
0.366379
0.366373
0.366296
0.366451
0.366463
0.366487
0.366476
0.366487
0.366422
0.366383
0.366328
0.366291
0.366317
0.366153
0.366117
0.366169
0.366234
0.366276
0.366344
0.36627
0.366426
0.366424
0.366517
0.366633
0.36666
0.366722
0.366692
0.366686
0.366683
0.366713
0.366673
0.366877
0.366915
0.366958
0.366907
0.366932
0.366924
0.366894
0.367074
0.367014
0.366978
0.367048
0.367282
0.36739
0.367403
0.367443
0.367537
0.367561
0.367615
0.367617
0.367608
0.367615
0.367611
0.36777
0.367669
0.367843
0.367877
0.367952
0.368052
0.368062
0.368235
0.368367
0.368392
0.368432
0.368386
0.368399
0.368459
0.368401
0.368369
0.368319
0.368282
0.36832
0.368289
0.368471
0.368497
0.368567
0.3686
0.368694
0.368785
0.368926
0.368904
0.36895
0.368911
0.368885
0.36881
0.368685
0.368728
0.368791
0.368857
0.368909
0.368826
0.368861
0.368936
0.368961
0.368823
0.368831
0.368815
0.368849
0.368859
0.368829
0.36887
0.368937
0.369023
0.368946
0.368886
0.368853
0.368946
0.368972
0.369002
0.368986
0.369027
0.369091
0.369142
0.36914
0.369233
0.369211
0.369248
0.369379
0.369334
0.369391
0.369326
0.369248
0.369289
0.369353
0.369407
0.36942
0.369356
0.369452
0.369457
0.36956
0.369517
0.36956
0.369643
0.369695
0.369762
0.369761
0.369769
0.369753
0.369782
0.369735
0.369671
0.369635
0.369559
0.369616
0.369635
0.369613
0.369573
0.369625
0.369622
0.369558
0.369598
0.36967
0.369714
0.369767
0.369745
0.369753
0.369729
0.369808
0.369839
0.369771
0.369819
0.369814
0.369754
0.369861
0.369816
0.369832
0.369881
0.369953
0.370041
0.370093
0.370088
0.370158
0.370124
0.370128
0.37004
0.370037
0.370095
0.370197
0.370323
0.370378
0.370363
0.370357
0.370343
0.370414
0.370458
0.370428
0.370475
0.370419
0.370427
0.370525
0.370462
0.370443
0.37045
0.370472
0.37044
0.370425
0.370548
0.370536
0.370575
0.370572
0.370546
0.370571
0.37059
0.370605
0.370487
0.370504
0.370586
0.370537
0.370554
0.370607
0.370631
0.370583
0.370597
0.37066
0.370658
0.370669
0.370685
0.370808
0.370861
0.37086
0.370885
0.370885
0.370957
0.371019
0.371104
0.371063
0.371168
0.371122
0.371094
0.371079
0.371122
0.371041
0.371078
0.371138
0.371197
0.371232
0.371263
0.37128
0.37127
0.371313
0.37136
0.371384
0.371498
0.371512
0.371499
0.371492
0.371447
0.371509
0.371429
0.371541
0.371471
0.371342
0.371278
0.371318
0.371398
0.371406
0.371484
0.371482
0.371454
0.37149
0.371558
0.371569
0.371636
0.371661
0.371661
0.371681
0.371651
0.371707
0.371718
0.37178
0.371812
0.371878
0.371961
0.372055
0.372139
0.372159
0.372089
0.372105
0.372116
0.372062
0.372102
0.372179
0.372181
0.372176
0.372187
0.372221
0.372222
0.37227
0.37236
0.372401
0.372319
0.372396
0.372459
0.372439
0.372458
0.372489
0.372493
0.372573
0.372511
0.372492
0.372672
0.372762
0.3727
0.372734
0.372799
0.372831
0.372837
0.37286
0.372842
0.372833
0.372845
0.372841
0.372893
0.372923
0.37294
0.37296
0.372974
0.373028
0.373044
0.373048
0.373126
0.373176
0.37308
0.373042
0.373172
0.373069
0.373142
0.373159
0.373198
0.373172
0.373135
0.373216
0.373263
0.373308
0.373348
0.373437
0.373438
0.373417
0.373422
0.373461
0.373511
0.373536
0.37348
0.373479
0.373553
0.373618
0.373588
0.37357
0.373632
0.37365
0.373706
0.37374
0.373752
0.373782
0.373794
0.373716
0.37364
0.373737
0.373744
0.373811
0.373893
0.373876
0.373845
0.37389
0.373856
0.373953
0.373963
0.373998
0.374035
0.374113
0.374119
0.374119
0.374303
0.374284
0.374232
0.374318
0.374354
0.374351
0.37435
0.374309
0.374292
0.374333
0.374308
0.374326
0.374326
0.374414
0.374371
0.374337
0.374426
0.374358
0.374343
0.374336
0.374273
0.374301
0.374323
0.374271
0.374248
0.37425
0.37425
0.374411
0.374469
0.374435
0.374385
0.374372
0.37435
0.374344
0.374316
0.374298
0.374289
0.374342
0.374282
0.374329
0.374337
0.374312
0.374341
0.374345
0.374342
0.374322
0.374423
0.374392
0.374323
0.374455
0.374383
0.374317
0.374369
0.374373
0.374358
0.37443
0.374419
0.374412
0.374405
0.37436
0.374349
0.374323
0.37426
0.374349
0.374319
0.374294
0.374329
0.374359
0.374366
0.374431
0.37445
0.374479
0.374612
0.374613
0.374651
0.374646
0.374649
0.374723
0.37468
0.374693
0.374712
0.374733
0.374694
0.374721
0.374804
0.374803
0.37475
0.374752
0.374743
0.374768
0.374799
0.374827
0.37484
0.37493
0.374958
0.374882
0.374921
0.374923
0.374882
0.374969
0.374958
0.374956
0.374966
0.37497
0.374979
0.375074
0.375056
0.375087
0.375071
0.375098
0.375122
0.375147
0.375237
0.37522
0.375281
0.375334
0.375314
0.375369
0.3754
0.375369
0.375392
0.375414
0.375481
0.375444
0.375442
0.375452
0.375406
0.375389
0.375445
