0.901493
0.870482
0.864339
0.852213
0.834777
0.820609
0.802886
0.789141
0.77479
0.759768
0.753044
0.745931
0.740322
0.73529
0.72795
0.722854
0.714908
0.707375
0.700994
0.693236
0.685453
0.678186
0.671981
0.66456
0.658629
0.651974
0.646429
0.640785
0.636471
0.632399
0.626592
0.62304
0.618764
0.615573
0.611538
0.60783
0.604392
0.600879
0.59696
0.593465
0.588733
0.584233
0.58141
0.578318
0.574999
0.571737
0.569547
0.566426
0.56405
0.561982
0.559577
0.557298
0.555056
0.551826
0.549473
0.547814
0.545751
0.543913
0.542715
0.540141
0.537627
0.536123
0.534102
0.532533
0.530557
0.528702
0.527022
0.525201
0.523558
0.522004
0.521108
0.520049
0.518943
0.517179
0.515514
0.514613
0.513086
0.512006
0.510776
0.509647
0.508001
0.506622
0.505929
0.504615
0.503418
0.502407
0.501047
0.499761
0.498818
0.497643
0.496726
0.495732
0.494572
0.493846
0.492698
0.492134
0.491578
0.490816
0.490228
0.489275
0.488595
0.487273
0.486792
0.486119
0.485139
0.484324
0.483413
0.482509
0.481741
0.481159
0.480549
0.479574
0.478958
0.478369
0.477684
0.477472
0.476946
0.476512
0.475881
0.475444
0.475139
0.474734
0.474067
0.473853
0.473363
0.472805
0.472376
0.471758
0.471346
0.470694
0.470326
0.46991
0.469305
0.468989
0.468339
0.467872
0.467422
0.46705
0.466841
0.466523
0.466251
0.466066
0.465774
0.465345
0.46494
0.464695
0.464119
0.46401
0.463637
0.463544
0.463378
0.463131
0.4627
0.462455
0.462254
0.462282
0.461951
0.461688
0.461738
0.461402
0.461335
0.461426
0.461204
0.460857
0.460647
0.460474
0.460233
0.460154
0.460094
0.45995
0.459671
0.459406
0.459296
0.459138
0.458975
0.458959
0.458704
0.45839
0.458194
0.458034
0.457826
0.458044
0.457902
0.457704
0.45765
0.457402
0.457109
0.456956
0.457012
0.456763
0.456447
0.456511
0.456303
0.456169
0.456151
0.455969
0.455699
0.455814
0.455786
0.455756
0.455719
0.455823
0.455572
0.455419
0.455456
0.455074
0.454972
0.454848
0.454738
0.454409
0.454269
0.453978
0.453822
0.453875
0.453807
0.453827
0.453865
0.453802
0.453614
0.453401
0.453493
0.453331
0.453247
0.452989
0.452811
0.452538
0.45239
0.452316
0.452274
0.452081
0.451893
0.451863
0.451825
0.451602
0.451449
0.451415
0.451281
0.451099
0.450945
0.450668
0.450514
0.45056
0.450431
0.450539
0.450379
0.450284
0.45028
0.450385
0.45039
0.450396
0.45048
0.45042
0.450434
0.450334
0.450416
0.450549
0.450483
0.450362
0.450387
0.450117
0.450007
0.449905
0.449682
0.449617
0.44973
0.449572
0.449473
0.449432
0.449543
0.449566
0.44954
0.449504
0.449357
0.449308
0.449316
0.449276
0.449223
0.449018
0.448987
0.448945
0.448973
0.448878
0.449049
0.449151
0.449121
0.449083
0.448863
0.448963
0.448973
0.448876
0.448813
0.448744
0.448572
0.448611
0.448729
0.448747
0.448783
0.448742
0.448686
0.448652
0.448512
0.448395
0.448437
0.448364
0.44821
0.448146
0.448122
0.448033
0.448083
0.448047
0.448077
0.447921
0.447905
0.447733
0.447806
0.447958
0.447942
0.447783
0.447709
0.447806
0.447735
0.447874
0.4479
0.447871
0.447819
0.447736
0.44763
0.447757
0.447819
0.447791
0.447831
0.447791
0.447859
0.447883
0.447824
0.447815
0.447657
0.447555
0.447519
0.447544
0.447597
0.447677
0.447528
0.447666
0.447737
0.447663
0.447668
0.447666
0.44792
0.447891
0.447868
0.447977
0.448025
0.44811
0.448139
0.448165
0.448239
0.448185
0.448137
0.448119
0.448049
0.448117
0.448123
0.448073
0.448144
0.448337
0.448434
0.448477
0.448602
0.448624
0.448617
0.448508
0.448524
0.448357
0.448406
0.448515
0.448634
0.448513
0.448507
0.448537
0.448595
0.448573
0.448456
0.448462
0.44838
0.448355
0.448396
0.448458
0.448503
0.448548
0.448583
0.44852
0.448395
0.448518
0.448618
0.44858
0.44858
0.448678
0.448579
0.448525
0.448543
0.448576
0.448597
0.44859
0.448563
0.448621
0.448692
0.448533
0.448418
0.448341
0.448298
0.448255
0.44826
0.448163
0.448169
0.448111
0.448107
0.448108
0.448077
0.448037
0.448043
0.448092
0.447932
0.447938
0.447893
0.447919
0.447938
0.447921
0.447999
0.448061
0.447972
0.447932
0.447884
0.447859
0.447804
0.447768
0.447843
0.447854
0.447827
0.447723
0.447713
0.447643
0.447704
0.447701
0.447641
0.447671
0.447675
0.447668
0.447698
0.447683
0.447722
0.447713
0.447679
0.447652
0.447788
0.447722
0.447727
0.4478
0.447779
0.447761
0.447746
0.447773
0.447893
0.447844
0.447789
0.447841
0.447918
0.44789
0.447889
0.447793
0.447703
0.447738
0.447656
0.44762
0.447571
0.447569
0.447567
0.447664
0.447622
0.447635
0.447557
0.447513
0.44759
0.447626
0.447609
0.447542
0.447588
0.447531
0.447507
0.447509
0.447463
0.447459
0.447559
0.44758
0.447622
0.447545
0.447681
0.447667
0.447653
0.447708
0.447635
0.447708
0.447693
0.447674
0.447727
0.447752
0.447713
0.447714
0.447704
0.447764
0.447813
0.447825
0.44782
0.447888
0.44784
0.447905
0.447814
0.447838
0.447829
0.447894
0.447792
0.447795
0.447866
0.448013
0.447956
0.44791
0.447946
0.447913
0.447978
0.447971
0.447908
0.447955
0.448008
0.448028
0.448102
0.448088
0.448116
0.448126
0.448201
0.448295
0.448401
0.448376
0.448431
0.448456
0.44854
0.448564
0.448526
0.448448
0.448403
0.448402
0.448437
0.448425
0.448475
0.448448
0.448538
0.448615
0.448647
0.44867
0.448594
0.448571
0.448704
0.448693
0.448789
0.448849
0.448901
0.448919
0.448934
0.448988
0.449133
0.449178
0.449183
0.449192
0.449197
0.44922
0.449281
0.449374
0.449359
0.449331
0.449275
0.449273
0.449306
0.449262
0.449299
0.449318
0.449294
0.449303
0.449332
0.449276
0.449301
0.449325
0.449427
0.449452
0.449487
0.449564
0.449575
0.449602
0.449646
0.449561
0.449603
0.449652
0.449753
0.449763
0.449774
0.449774
0.449736
0.449735
0.449793
0.449867
0.449812
0.449889
0.449842
0.449868
0.449877
0.449926
0.449925
0.449901
0.449954
0.449975
0.449988
0.450055
0.450046
0.450002
0.450034
0.450035
0.449957
0.449958
0.449963
0.450055
0.450074
0.449973
0.449994
0.450046
0.45008
0.450145
0.450207
0.450203
0.450174
0.450129
0.450171
0.450186
0.450157
0.450118
0.450102
0.450052
0.450061
0.450116
0.450198
0.450197
0.450252
0.450258
0.450231
0.450272
0.450201
0.450214
0.450259
0.450271
0.450284
0.450326
0.450337
0.450374
0.450398
0.450431
0.450445
0.450507
0.450521
0.450616
0.450674
0.450718
0.450863
0.45088
0.450995
0.450956
0.451037
0.45109
0.451095
0.451084
0.451073
0.451116
0.451137
0.451162
0.45123
0.451301
0.451262
0.451273
0.451403
0.451526
0.451672
0.451751
0.45169
0.451678
0.451745
0.451832
0.451834
0.451824
0.451862
0.451856
0.451831
0.451834
0.451829
0.451796
0.45179
0.451821
0.45185
0.451812
0.451811
0.451774
0.451775
0.45176
0.451757
0.451756
0.451735
0.451737
0.451804
0.451736
0.451792
0.451783
0.451801
0.451816
0.451845
0.451915
0.451932
0.451961
0.451943
0.452031
0.452019
0.452034
0.452084
0.452036
0.452084
0.452093
0.452053
0.452043
0.452146
0.452158
0.452198
0.452215
0.452239
0.452185
0.452174
0.452247
0.45219
0.452233
0.452265
0.452317
0.452352
0.452352
0.452401
0.452422
0.452458
0.452462
0.452474
0.45247
0.452486
0.452525
0.452598
0.452627
0.452672
0.452746
0.452754
0.452757
0.452775
0.452788
0.452846
0.452891
0.452882
0.452923
0.453008
0.453059
0.453084
0.453115
0.453121
0.453116
0.453169
0.453194
0.453243
0.453214
0.45319
0.453157
0.453162
0.453196
0.453191
0.453197
0.453216
0.45327
0.453311
0.453337
0.453381
0.453423
0.453388
0.453457
0.453521
0.453564
0.453578
0.453604
0.453598
0.453626
0.453713
0.453749
0.453707
0.453668
0.453694
0.453674
0.453677
0.45361
0.453602
0.453545
0.453542
0.453526
0.453492
0.453457
0.453513
0.453523
0.45349
0.453513
0.453498
0.453566
0.453586
0.453652
0.453664
0.453688
0.453743
0.453745
0.453756
0.453756
0.453776
0.453795
0.453854
0.453896
0.453887
0.453933
0.453923
0.453995
0.453987
0.45401
0.454036
0.454087
0.45407
0.454157
0.454153
0.454245
0.454224
0.454251
0.454316
0.454305
0.454294
0.454301
0.454315
0.454287
0.454223
0.454237
0.454238
0.454274
0.454263
0.454242
0.454244
0.454294
0.454327
0.454338
0.454359
0.454415
0.454492
0.454528
0.454524
0.454553
0.454545
0.45457
0.454577
0.454557
0.45459
0.454552
0.454585
0.454551
0.454518
0.454528
0.454548
0.454569
0.454609
0.454621
0.454671
0.454681
0.454689
0.454724
0.454713
0.454753
0.454779
0.454808
0.454837
0.454883
0.454879
0.454886
0.454977
0.454992
0.454966
0.454982
0.455008
0.455006
0.45505
0.455074
0.455058
0.45508
0.455084
0.455136
0.455135
0.455119
0.455123
0.455144
0.455142
0.455167
0.455132
0.455119
0.455084
0.455081
0.455115
0.455068
0.455063
0.455052
0.455018
0.455008
0.455028
0.455031
0.455049
0.455042
0.455125
0.455113
0.455162
0.455211
0.455223
0.455257
0.455306
0.455365
0.455374
0.455451
0.455439
0.455459
0.455462
0.455462
0.455448
0.455412
0.455452
0.455441
0.455463
0.455478
0.455514
0.455525
0.455556
0.455542
0.455575
0.455619
0.455643
0.455701
0.455741
0.455748
0.455745
0.455773
0.455791
0.455733
0.455699
0.455735
0.455755
0.455769
0.45578
0.45578
0.455793
0.455796
0.455776
0.455776
0.45578
0.45582
0.455825
0.455837
0.455868
0.455871
0.455855
0.455823
0.455809
0.455816
0.455836
0.455839
0.455887
0.455879
0.455848
0.455825
0.455906
0.455915
0.455997
0.456005
0.455969
0.455999
0.455992
0.45597
0.455979
0.455968
0.456002
0.45601
0.456047
0.456058
0.456034
0.456051
0.456057
