0.56167
0.552731
0.557387
0.561171
0.553922
0.550611
0.548248
0.547468
0.547012
0.551063
0.546683
0.545184
0.54104
0.537216
0.534954
0.53371
0.533319
0.531749
0.531216
0.529043
0.530919
0.531371
0.531309
0.532501
0.533657
0.53447
0.535714
0.534367
0.533743
0.534568
0.533366
0.532404
0.531887
0.531222
0.531788
0.532045
0.531483
0.531399
0.530703
0.530583
0.529434
0.528917
0.5289
0.527743
0.527611
0.52686
0.527046
0.527463
0.526943
0.52622
0.525952
0.526601
0.526057
0.526303
0.525959
0.525725
0.524874
0.523417
0.523831
0.523537
0.523656
0.52428
0.525055
0.524917
0.524666
0.524122
0.524091
0.523954
0.523919
0.524069
0.524275
0.524415
0.525247
0.525394
0.524453
0.524158
0.524536
0.523815
0.523988
0.52378
0.5234
0.522739
0.522409
0.52256
0.522127
0.521728
0.521815
0.521434
0.521063
0.520924
0.521261
0.520708
0.520803
0.520641
0.520913
0.520681
0.521052
0.521188
0.521073
0.521509
0.521456
0.521512
0.522038
0.521901
0.521772
0.521822
0.521717
0.521631
0.521136
0.521122
0.521072
0.52075
0.520707
0.520552
0.520432
0.520359
0.519891
0.519888
0.519821
0.519708
0.519941
0.520111
0.520066
0.520181
0.520156
0.520257
0.520533
0.520474
0.520619
0.520527
0.520123
0.520079
0.520099
0.520147
0.519938
0.519735
0.51955
0.519542
0.519476
0.519293
0.519316
0.519282
0.519332
0.519436
0.519767
0.519682
0.519769
0.519592
0.519807
0.519974
0.519852
0.519734
0.519747
0.519542
0.519625
0.519513
0.519346
0.519013
0.518884
0.518817
0.518765
0.518775
0.518872
0.518701
0.518798
0.518942
0.518791
0.518426
0.518131
0.518057
0.518076
0.517979
0.517845
0.517893
0.517804
0.517799
0.517812
0.517645
0.517463
0.517475
0.517544
0.517496
0.517377
0.51734
0.517385
0.517526
0.517439
0.517474
0.517514
0.517476
0.517506
0.517443
0.517318
0.517368
0.51729
0.517197
0.517067
0.516881
0.516977
0.516762
0.516877
0.516902
0.517028
0.517036
0.517036
0.516915
0.516901
0.516901
0.516754
0.516998
0.516702
0.516521
0.516486
0.516312
0.516101
0.515935
0.515903
0.515821
0.515844
0.515727
0.515722
0.515701
0.51578
0.515721
0.515828
0.515891
0.51573
0.515689
0.515596
0.515517
0.515761
0.515871
0.515999
0.515916
0.515857
0.515829
0.515804
0.515729
0.515627
0.515741
0.515672
0.515717
0.515917
0.515881
0.515798
0.515746
0.515801
0.515702
0.51557
0.515406
0.51531
0.515381
0.515411
0.515357
0.515134
0.51502
0.514933
0.514973
0.514911
0.51489
0.514877
0.514764
0.514579
0.514748
0.514694
0.514638
0.514625
0.514521
0.514481
0.51429
0.514282
0.514184
0.514213
0.514321
0.514397
0.514394
0.514372
0.514353
0.514314
0.514303
0.514276
0.514285
0.514292
0.514419
0.514378
0.514388
0.514335
0.514354
0.514422
0.514305
0.514265
0.514257
0.514153
0.514065
0.514057
0.514045
0.513971
0.514048
0.51416
0.514134
0.514243
0.51436
0.514274
0.514201
0.514178
0.514115
0.514089
0.514083
0.514092
0.514018
0.514046
0.514006
0.513988
0.513884
0.513801
0.513861
0.513777
0.51362
0.513538
0.513451
0.513466
0.513415
0.51342
0.51349
0.513411
0.513394
0.513415
0.513397
0.513502
0.513495
0.513546
0.513544
0.513476
0.513697
0.513748
0.513707
0.513648
0.513671
0.513644
0.51362
0.513661
0.513666
0.513622
0.513679
0.513727
0.513693
0.51355
0.513461
0.513551
0.513553
0.5135
0.513381
0.51336
0.513337
0.513221
0.513273
0.513288
0.51315
0.513221
0.513053
0.513102
0.513143
0.512959
0.512938
0.512768
0.512904
0.512935
0.512924
0.512996
0.513065
0.513117
0.513084
0.513102
0.513207
0.513153
0.513209
0.513254
0.513174
0.51324
0.513249
0.513269
0.513164
0.513149
0.513219
0.513296
0.513369
0.513332
0.513341
0.513243
0.513172
0.513096
0.513071
0.513113
0.513067
0.513133
0.513063
0.512969
0.512851
0.51282
0.512818
0.512826
0.512834
0.512853
0.512923
0.512983
0.512909
0.512925
0.512882
0.512959
0.512956
0.513059
0.513081
0.513087
0.512999
0.513031
0.512938
0.512908
0.512877
0.512942
0.51293
0.512953
0.512987
0.513032
0.513043
0.51304
0.512937
0.512908
0.51286
0.512831
0.512726
0.512699
0.512701
0.512631
0.512634
0.512549
0.512548
0.512618
0.512694
0.512741
0.512667
0.512718
0.512686
0.512635
0.512627
0.512587
0.512598
0.512598
0.512654
0.512641
0.512613
0.512607
0.512527
0.512474
0.51244
0.512377
0.512345
0.512355
0.512323
0.512291
0.512286
0.512098
0.512128
0.512128
0.51207
0.512055
0.512059
0.512086
0.512022
0.511963
0.511907
0.511862
0.511904
0.511943
0.511973
0.51195
0.511941
0.512036
0.512026
0.51203
0.51211
0.512089
0.512056
0.512076
0.512068
0.512051
0.512066
0.512084
0.512015
0.512074
0.512155
0.512202
0.512177
0.512197
0.512239
0.512254
0.512299
0.512248
0.51229
0.512266
0.512305
0.512226
0.512273
0.512217
0.512153
0.512106
0.512086
0.51213
0.512117
0.512196
0.512228
0.512175
0.512153
0.512149
0.512163
0.512144
0.512061
0.512117
0.51214
0.512157
0.512187
0.512235
0.512305
0.512379
0.512374
0.512368
0.512355
0.512412
0.512457
0.512487
0.51245
0.512413
0.512379
0.512322
0.512333
0.51239
0.512398
0.512405
0.512368
0.512374
0.512374
0.5124
0.512384
0.512404
0.512394
0.5124
0.512425
0.512403
0.512403
0.512506
0.512505
0.512555
0.512512
0.512526
0.512553
0.512645
0.512682
0.512735
0.512759
0.512773
0.512818
0.512804
0.512806
0.512795
0.512781
0.512797
0.512728
0.512718
0.512707
0.512727
0.512732
0.512696
0.512666
0.512671
0.5127
0.51268
0.512671
0.512623
0.512598
0.512602
0.512618
0.512637
0.512655
0.512655
0.512637
0.512582
0.512644
0.512654
0.512643
0.512697
0.512774
0.512725
0.512724
0.512686
0.512644
0.512673
0.512659
0.51268
0.512655
0.512642
0.512601
0.512616
0.512654
0.512732
0.51263
0.51262
0.512623
0.512553
0.512562
0.512556
0.512506
0.512537
0.512566
0.512611
0.512656
0.512639
0.512722
0.512717
0.512767
0.512854
0.512839
0.512874
0.512847
0.512785
0.512764
0.512709
0.512627
0.512582
0.512596
0.51262
0.512566
0.512576
0.512544
0.51253
0.512542
0.51252
0.51247
0.512476
0.512439
0.51245
0.512455
0.512441
0.512429
0.512413
0.512404
0.512393
0.51242
0.512401
0.512407
0.512368
0.51231
0.512298
0.512279
0.512252
0.512255
0.51228
0.512341
0.512335
0.512347
0.512269
0.512258
0.512195
0.512186
0.5122
0.512231
0.512236
0.512202
0.512192
0.512162
0.512107
0.512138
0.512143
0.512147
0.512037
0.512046
0.512063
0.512059
0.512042
0.512073
0.512014
0.51201
0.511966
0.512016
0.511926
0.511929
0.511942
0.511899
0.511868
0.511861
0.511819
0.511819
0.511778
0.511729
0.511752
0.511701
0.511682
0.511637
0.511588
0.511499
0.511483
0.511482
0.511464
0.511431
0.511432
0.51141
0.511359
0.511319
0.511306
0.511264
0.511198
0.511087
0.511029
0.51104
0.511064
0.511146
0.511233
0.511191
0.511136
0.511182
0.511192
0.511072
0.511012
0.51097
0.510944
0.51091
0.51097
0.510921
0.510876
0.510898
0.510867
0.510822
0.510789
0.510791
0.510759
0.510752
0.510762
0.510802
0.510788
0.510794
0.510755
0.510783
0.510783
0.510772
0.510782
0.510817
0.510846
0.510861
0.510846
0.510824
0.510776
0.510762
0.510762
0.51077
0.510788
0.510754
0.510737
0.510819
0.510798
0.510802
0.510803
0.510835
0.510869
0.510923
0.510898
0.510894
0.510881
0.510839
0.510839
0.510828
0.510805
0.510719
0.51075
0.510716
0.510721
0.510703
0.510722
0.51068
0.510679
0.510655
0.510621
0.510609
0.510635
0.510668
0.510674
0.510625
0.510579
0.510586
0.510581
0.510571
0.510618
0.510618
0.510594
0.510615
0.510613
0.51059
0.510596
0.510629
0.510627
0.510635
0.51059
0.510538
0.510528
0.510551
0.510541
0.510498
0.510453
0.510375
0.510396
0.510363
0.510342
0.5103
0.510239
0.510189
0.510205
0.510224
0.51025
0.510262
0.510274
0.510268
0.510266
0.510238
0.51022
0.510228
0.510219
0.51021
0.510215
0.51022
0.510198
0.510165
0.510089
0.510068
0.510046
0.510047
0.510039
0.510038
0.510028
0.510051
0.510036
0.510025
0.509989
0.509972
0.510004
0.510036
0.510109
0.51012
0.510114
0.510102
0.510091
0.510052
0.510012
0.509979
0.509992
0.509973
0.509963
0.509917
0.509949
0.509928
0.509987
0.510002
0.51002
0.510063
0.510065
0.510014
0.510006
0.510006
0.510052
0.510057
0.510097
0.510076
0.510078
0.510062
0.51008
0.510091
0.510136
0.510106
0.510142
0.510137
0.510148
0.510156
0.510163
0.510174
0.510259
0.510314
0.510322
0.510341
0.510299
0.510298
0.510298
0.510346
0.510309
0.510302
0.510313
0.510275
0.510258
0.510229
0.510237
0.510229
0.510246
0.510233
0.510227
0.510229
0.510231
0.510229
0.510191
0.510181
0.510162
0.510092
0.510072
0.510068
0.510039
0.509981
0.509944
0.509914
0.509914
0.509879
0.509871
0.50985
0.509843
0.509806
0.509801
0.509788
0.509799
0.509843
0.509899
0.509892
0.509876
0.509865
0.509873
0.509869
0.509892
0.50985
0.509836
0.509833
0.509782
0.509749
0.50976
0.509743
0.509734
0.509738
0.509731
0.509719
0.509703
0.509703
0.509748
0.509707
0.509682
0.509674
0.509655
0.509661
0.509687
0.509673
0.509628
0.509549
0.509596
0.509585
0.509589
0.509574
0.509534
0.509516
0.509508
0.509512
0.509509
0.509534
0.509526
0.509516
0.509509
0.509544
0.509514
0.509524
0.509526
0.509528
0.509494
0.509488
0.509495
0.509446
0.509482
0.509485
0.509503
0.509555
0.509553
0.509532
0.509561
0.509496
0.509501
0.5095
0.509488
0.509493
0.509503
0.509543
0.50952
