0.950617
0.872504
0.7251
0.645041
0.580896
0.533898
0.502353
0.476657
0.459866
0.445889
0.437699
0.430383
0.42642
0.424189
0.417476
0.413439
0.411036
0.40917
0.405417
0.403245
0.401299
0.39958
0.396676
0.393587
0.38947
0.388176
0.385298
0.38357
0.382743
0.381591
0.379341
0.376618
0.375746
0.372884
0.372482
0.371148
0.370202
0.369117
0.368467
0.367432
0.366587
0.366925
0.365637
0.364622
0.363757
0.363369
0.361641
0.362458
0.362307
0.361798
0.361882
0.361372
0.360844
0.360704
0.359269
0.359101
0.359073
0.357917
0.357423
0.357651
0.358268
0.357515
0.357179
0.357493
0.357452
0.357754
0.356328
0.355638
0.355145
0.355075
0.35462
0.354693
0.35488
0.354128
0.35442
0.354307
0.353841
0.353505
0.353376
0.352285
0.352639
0.352461
0.352458
0.352109
0.352476
0.352575
0.35296
0.353481
0.352549
0.352705
0.352664
0.352809
0.352934
0.353042
0.352806
0.352274
0.352307
0.352192
0.352252
