0.986686
0.91401
0.833166
0.754419
0.695038
0.647221
0.611623
0.579341
0.557903
0.537657
0.528055
0.522236
0.51458
0.509179
0.503008
0.49791
0.491092
0.487741
0.485564
0.484284
0.481993
0.480878
0.480324
0.479208
0.477365
0.476787
0.477417
0.477206
0.476005
0.476161
0.475658
0.474941
0.473988
0.474027
0.473367
0.472632
0.472283
0.472363
0.472235
0.471504
0.471636
0.472341
0.471761
0.471162
0.471248
0.471727
0.470478
0.470963
0.471856
0.471976
0.47306
0.47227
0.472591
0.472948
0.472743
0.473168
0.47426
0.474101
0.474467
0.474333
0.474824
0.474631
0.474357
0.475033
0.476032
0.476974
0.477424
0.477751
0.477936
0.478468
0.478247
0.47908
0.479774
0.47959
0.480135
0.48004
0.480058
0.480083
0.479941
0.480049
0.480773
0.481175
0.480296
0.481168
0.481217
0.481678
0.482146
0.482247
0.482891
0.482435
0.48302
0.482622
0.482593
0.482511
0.482371
0.48266
0.482627
0.483556
0.483709
