0.385356
0.408824
0.409002
0.400683
0.397665
0.398453
0.388721
0.396651
0.390705
0.393968
0.390214
0.389951
0.391311
0.390837
0.388496
0.38792
0.386701
0.388519
0.389105
0.386659
0.384887
0.385252
0.384463
0.385502
0.385496
0.385923
0.386051
0.386043
0.387918
0.387448
0.388094
0.388787
0.388388
0.389403
0.388606
0.38864
0.389103
0.389231
0.389292
0.390108
0.391049
0.392619
0.393362
0.394664
0.395619
0.396229
0.396827
0.396659
0.397526
0.397788
0.397748
0.39874
0.398241
0.398275
0.399028
0.4009
0.400466
0.400504
0.401106
0.40129
0.402127
0.401957
0.402149
0.402388
0.403379
0.404058
0.404675
0.404694
0.405566
0.405956
0.406353
0.4069
0.406531
0.407093
0.407956
0.407883
0.408584
0.40935
0.409455
0.409735
0.410196
0.4104
0.410902
0.411705
0.411421
0.411083
0.411253
0.411577
0.411376
