0.957382
0.894065
0.772952
0.704826
0.653226
0.61573
0.598285
0.582784
0.566795
0.554302
0.550273
0.546774
0.543689
0.541971
0.539252
0.537557
0.535006
0.532505
0.530344
0.529216
0.527786
0.525258
0.523726
0.52189
0.522558
0.521923
0.520746
0.521363
0.521424
0.5229
0.521321
0.521026
0.520528
0.520445
0.521204
0.520386
0.519636
0.518723
0.51917
0.518505
0.517868
0.517586
0.517694
0.517016
0.516234
0.516049
0.515652
0.515027
0.514167
0.513854
0.512255
0.512307
0.512029
0.511499
0.511426
0.512382
0.51236
0.512509
0.51227
0.511307
0.51097
0.510676
0.511208
0.511105
0.511714
0.512031
0.511916
0.511984
0.51178
0.511526
0.511084
0.511144
0.511396
0.509791
0.509816
0.509492
0.509297
0.509718
0.509468
0.510033
0.510475
0.510428
0.510444
0.510316
0.510259
0.510031
0.509918
0.510379
0.510016
0.510248
0.510365
0.510377
0.510236
0.510397
0.510153
0.510377
0.510113
0.510328
0.510742
