0.90379
0.822123
0.695072
0.611153
0.561743
0.529323
0.502355
0.483835
0.464723
0.454654
0.451732
0.448641
0.44615
0.442664
0.440396
0.438124
0.435834
0.435459
0.432336
0.430645
0.430839
0.425669
0.424991
0.424161
0.423607
0.421795
0.419638
0.417355
0.418429
0.417193
0.417369
0.415161
0.414704
0.413126
0.411934
0.411465
0.411517
0.410283
0.409863
0.410343
0.409041
0.4092
0.410882
0.410537
0.409788
0.409334
0.409066
0.408014
0.40707
0.407104
0.405416
0.404204
0.403601
0.402886
0.401825
0.401117
0.401232
0.400663
0.400726
0.399178
0.399559
0.398802
0.398664
0.398295
0.398234
0.397893
0.398179
0.397949
0.397502
0.397704
0.396895
0.397604
0.397557
0.396212
0.395529
0.39405
0.393607
0.393596
0.393106
0.39268
0.39281
0.391961
0.392386
0.391886
0.391818
0.391418
0.391129
0.390901
0.390131
0.389422
0.389466
0.389051
0.389561
0.389704
0.389428
0.389944
0.390068
0.390008
0.389888
