0.370155
0.372915
0.368318
0.382722
0.382773
0.386027
0.381375
0.383475
0.38302
0.382479
0.38607
0.378195
0.381045
0.383283
0.388537
0.388842
0.387045
0.387882
0.389989
0.393922
0.395357
0.394962
0.3934
0.392772
0.392259
0.391263
0.39225
0.390643
0.391067
0.392755
0.391328
0.391335
0.391457
0.391506
0.392357
0.392835
0.393332
0.392333
0.38987
0.389519
0.387763
0.387421
0.387137
0.387611
0.387589
0.387566
0.388199
0.388636
0.388656
0.388321
0.388924
0.388231
0.388368
0.387765
0.3872
0.386746
0.386539
0.387017
0.387495
0.388091
0.388846
0.389959
0.390492
0.388899
0.388075
0.388697
0.388556
0.388859
0.388996
0.389133
0.389017
0.388678
0.388514
0.388368
0.38785
0.387471
0.387583
0.387926
0.387754
0.387616
0.388087
0.387238
0.387528
0.387879
0.387614
0.388218
0.388529
0.388777
0.388779
