0.977307
0.878287
0.848076
0.795149
0.748662
0.71644
0.693839
0.678498
0.66397
0.652478
0.650705
0.648206
0.643407
0.637365
0.633261
0.629539
0.62577
0.622097
0.621013
0.615773
0.613225
0.610963
0.609923
0.606854
0.605369
0.603942
0.60154
0.600372
0.598678
0.59848
0.596835
0.595827
0.5946
0.592803
0.588937
0.587394
0.586382
0.585858
0.585071
0.584392
0.582377
0.581949
0.581384
0.5811
0.580578
0.58047
0.579356
0.57779
0.577591
0.577272
0.576719
0.576407
0.576066
0.575901
0.575797
0.575309
0.574625
0.573912
0.57391
0.574219
0.573818
0.573399
0.573171
0.572153
0.572196
0.572116
0.572178
0.572381
0.5714
0.57069
0.569123
0.568827
0.568811
0.568643
0.56846
0.568431
0.568441
0.568039
0.567356
0.567312
0.566812
0.566475
0.566222
0.565657
0.566034
0.565646
0.565469
0.565368
0.565154
0.565446
0.565921
0.566027
0.56549
0.565408
0.56511
0.564656
0.564481
0.564812
0.564433
