0.955752
0.841555
0.815816
0.748485
0.702686
0.660358
0.626702
0.600993
0.579144
0.569339
0.561791
0.556878
0.551404
0.54441
0.538631
0.533522
0.530915
0.527125
0.52386
0.519547
0.516643
0.513905
0.511811
0.508724
0.506351
0.50583
0.504012
0.500897
0.500797
0.498912
0.497881
0.495558
0.493911
0.492696
0.488886
0.485687
0.484588
0.483424
0.482553
0.4808
0.479893
0.479928
0.478286
0.476959
0.475942
0.475547
0.475992
0.474903
0.47448
0.474622
0.473003
0.473306
0.473046
0.472469
0.471978
0.471276
0.472004
0.47119
0.470252
0.469709
0.468513
0.468383
0.46849
0.4677
0.468329
0.467586
0.467166
0.466211
0.465076
0.46433
0.462223
0.460698
0.460678
0.459538
0.459296
0.459075
0.459033
0.458827
0.458366
0.45801
0.457439
0.456948
0.456435
0.456404
0.456931
0.456193
0.456129
0.455652
0.455365
0.454603
0.455026
0.454792
0.454379
0.454777
0.454251
0.45346
0.453914
0.453618
0.453642
