0.431985
0.443182
0.434253
0.439408
0.441277
0.441677
0.442579
0.438157
0.440365
0.440901
0.437847
0.432179
0.426561
0.424782
0.428481
0.429201
0.429466
0.429489
0.429427
0.430915
0.431374
0.431124
0.432114
0.432654
0.429199
0.424878
0.425462
0.425224
0.424593
0.423894
0.424144
0.422826
0.422249
0.422223
0.421752
0.421319
0.421099
0.419794
0.418717
0.418872
0.419133
0.41848
0.418109
0.4204
0.421239
0.420806
0.42238
0.422761
0.423058
0.423783
0.423731
0.423992
0.423714
0.423886
0.42496
0.42477
0.424383
0.424833
0.424252
0.423868
0.421333
0.420616
0.421362
0.421738
0.422122
0.422273
0.422876
0.422231
0.422303
0.422362
0.422211
0.422733
0.422323
0.422771
0.422912
0.42258
0.422546
0.422755
0.422836
0.42309
0.423108
0.422889
0.422802
0.422884
0.422993
0.422671
0.423125
0.423219
0.423464
