0.95549
0.853157
0.717624
0.636971
0.593037
0.553877
0.52994
0.50372
0.481785
0.466411
0.460757
0.453759
0.447676
0.444002
0.440191
0.435499
0.432569
0.429972
0.426976
0.424894
0.423445
0.418812
0.416285
0.414149
0.411439
0.410187
0.409777
0.408678
0.407327
0.408101
0.405538
0.404271
0.403072
0.400306
0.399509
0.397779
0.397015
0.397672
0.397092
0.395777
0.394436
0.395291
0.394391
0.393216
0.392557
0.39233
0.39147
0.390618
0.389896
0.390023
0.390157
0.389539
0.38973
0.389924
0.389727
0.388952
0.388807
0.389188
0.388337
0.387461
0.387066
0.38778
0.387845
0.388107
0.388245
0.388161
0.38857
0.388827
0.389936
0.389369
0.389436
0.390027
0.389185
0.390009
0.389704
0.389881
0.389974
0.390265
0.391057
0.390762
0.390932
0.39116
0.391509
0.39183
0.391627
0.391602
0.391775
0.391897
0.39157
0.392393
0.392364
0.39238
0.392658
0.392705
0.392906
0.393675
0.394088
0.394405
0.39439
