0.933824
0.882963
0.772772
0.710963
0.678371
0.656389
0.635098
0.615342
0.607672
0.599286
0.595957
0.594642
0.593143
0.590238
0.589309
0.587417
0.585497
0.584466
0.582113
0.581617
0.579358
0.577422
0.575707
0.574729
0.574153
0.574084
0.574619
0.57418
0.574201
0.574527
0.573812
0.571857
0.57148
0.570899
0.56968
0.569219
0.5687
0.56862
0.567605
0.567288
0.566651
0.565811
0.566078
0.565498
0.565144
0.564942
0.564729
0.565108
0.564206
0.563914
0.563311
0.56333
0.562675
0.562016
0.562384
0.562488
0.563207
0.563362
0.563434
0.562799
0.563064
0.563865
0.563483
0.563496
0.563749
0.563441
0.562852
0.563216
0.563337
0.56315
0.56222
0.562133
0.562884
0.562553
0.562838
0.562708
0.563479
0.563101
0.56309
0.563233
0.562981
0.562538
0.562083
0.562274
0.562002
0.561847
0.561988
0.562409
0.562673
0.56234
0.562517
0.562557
0.562566
0.562678
0.562377
0.562888
0.563127
0.563477
0.563173
