0.422932
0.439846
0.443292
0.442933
0.44195
0.428985
0.428337
0.430149
0.430961
0.431101
0.434965
0.437141
0.438113
0.439614
0.43968
0.440905
0.440806
0.440623
0.441065
0.442054
0.441495
0.441273
0.442461
0.442288
0.441333
0.441303
0.44175
0.442293
0.441582
0.441108
0.441319
0.441884
0.442859
0.442589
0.441025
0.440802
0.438969
0.438137
0.437235
0.437286
0.438198
0.43858
0.437941
0.438335
0.438003
0.438039
0.438222
0.438521
0.438902
0.438231
0.437973
0.437895
0.437982
0.43871
0.439112
0.439121
0.438974
0.438992
0.438823
0.439239
0.439381
0.439122
0.439736
0.439725
0.439302
0.439331
0.439369
0.439114
0.439611
0.439897
0.439884
0.439772
0.439648
0.439633
0.439397
0.439228
0.43964
0.439399
0.439203
0.439498
0.440241
0.440384
0.439977
0.439869
0.440031
0.439976
0.44008
0.440882
0.440943
