0.926686
0.837349
0.712166
0.627612
0.597481
0.556613
0.52294
0.499628
0.485466
0.465964
0.463464
0.459989
0.45615
0.447071
0.438104
0.430733
0.425972
0.418913
0.415983
0.413322
0.40901
0.404174
0.400371
0.397512
0.396246
0.393448
0.3916
0.390303
0.386874
0.385074
0.383274
0.380835
0.377847
0.375871
0.373861
0.371966
0.369494
0.367896
0.365254
0.364038
0.362814
0.362261
0.360093
0.359132
0.356376
0.354888
0.353909
0.353736
0.352627
0.351716
0.350831
0.350249
0.348547
0.346852
0.345609
0.344811
0.344155
0.34274
0.342044
0.341623
0.340455
0.340253
0.339562
0.338922
0.337327
0.336759
0.336496
0.335427
0.335006
0.334806
0.334894
0.334827
0.334561
0.333754
0.33326
0.332413
0.331968
0.332195
0.33092
0.330668
0.330699
0.330114
0.329518
0.329627
0.329644
0.329769
0.328668
0.328203
0.328314
0.328149
0.327972
0.327904
0.32812
0.328008
0.327642
0.32772
0.32785
0.327649
0.327413
