0.974203
0.917665
0.811463
0.713534
0.674467
0.635115
0.606974
0.586376
0.573831
0.559581
0.553612
0.551899
0.550007
0.545214
0.539244
0.532215
0.528982
0.523691
0.517473
0.514132
0.511159
0.506357
0.504786
0.501523
0.500522
0.496485
0.493893
0.492032
0.489682
0.488409
0.487475
0.484123
0.481394
0.4796
0.478344
0.477384
0.474834
0.473491
0.47192
0.470305
0.469791
0.469148
0.467741
0.46659
0.465518
0.464986
0.464629
0.464823
0.462867
0.461356
0.4608
0.460765
0.459565
0.457975
0.457564
0.457933
0.457046
0.456546
0.456571
0.45526
0.455254
0.455139
0.455243
0.455294
0.454576
0.454103
0.454163
0.453398
0.452431
0.452055
0.451403
0.451629
0.451778
0.450612
0.449767
0.448961
0.448624
0.447886
0.446766
0.446921
0.447396
0.447406
0.447369
0.446756
0.446514
0.446212
0.445696
0.445584
0.444458
0.444306
0.444345
0.444163
0.4437
0.443684
0.443962
0.443894
0.443585
0.442944
0.443192
