0.319343
0.328717
0.35069
0.332378
0.323236
0.311339
0.313957
0.313006
0.318702
0.321648
0.320461
0.316979
0.314713
0.314223
0.3135
0.31193
0.312034
0.313621
0.314384
0.312705
0.315139
0.315039
0.31499
0.316198
0.317449
0.319022
0.318214
0.31879
0.318762
0.319221
0.319686
0.320754
0.32035
0.320911
0.322239
0.321516
0.32129
0.322112
0.322415
0.322044
0.323342
0.323904
0.323752
0.323278
0.323583
0.324334
0.324888
0.325528
0.326937
0.326729
0.326206
0.32657
0.326896
0.327261
0.32619
0.326795
0.326688
0.326465
0.326533
0.326578
0.326888
0.327321
0.327868
0.328241
0.327959
0.32761
0.327628
0.327725
0.32617
0.326245
0.326681
0.327012
0.326924
0.327301
0.328044
0.328599
0.327956
0.327757
0.327577
0.328023
0.328268
0.328204
0.328544
0.328661
0.32877
0.328505
0.32853
0.32831
0.328626
