0.943598
0.846792
0.670689
0.565006
0.507965
0.468053
0.441821
0.423005
0.407395
0.397493
0.394707
0.389614
0.388217
0.384068
0.382021
0.382227
0.380958
0.380752
0.377258
0.377515
0.376691
0.375972
0.374275
0.372257
0.372248
0.372081
0.372544
0.372713
0.372801
0.373561
0.374907
0.375054
0.374139
0.372918
0.372856
0.373551
0.373562
0.375048
0.3742
0.374063
0.374126
0.373808
0.373394
0.3735
0.374018
0.374319
0.375351
0.37371
0.373425
0.373625
0.374273
0.375075
0.375325
0.376697
0.376823
0.37757
0.376978
0.377069
0.377169
0.377934
0.378258
0.378605
0.379126
0.379755
0.380309
0.380265
0.380505
0.380733
0.381018
0.381509
0.382107
0.38214
0.382499
0.382147
0.382637
0.383091
0.383026
0.383913
0.384188
0.384666
0.384797
0.385133
0.384682
0.384728
0.384999
0.386091
0.385911
0.386419
0.386727
0.387424
0.387548
0.387579
0.387591
0.387734
0.387462
0.387354
0.388115
0.388575
0.389154
