0.819767
0.718519
0.540059
0.436514
0.378362
0.342957
0.310418
0.290383
0.272697
0.264403
0.259259
0.255278
0.255721
0.252761
0.250494
0.246843
0.24494
0.243703
0.24318
0.242349
0.240937
0.238983
0.239805
0.239079
0.238358
0.238342
0.236696
0.23615
0.235959
0.236406
0.235892
0.237855
0.237701
0.238696
0.239401
0.23962
0.238405
0.238676
0.237331
0.237816
0.23691
0.237604
0.238336
0.239178
0.239207
0.238715
0.237965
0.237363
0.237333
0.238433
0.239233
0.239451
0.240362
0.239175
0.239412
0.240575
0.241961
0.243268
0.24405
0.244482
0.244615
0.244708
0.245534
0.245488
0.247451
0.247858
0.249472
0.249398
0.249623
0.250294
0.25033
0.250727
0.25236
0.252799
0.25319
0.253679
0.255348
0.25564
0.256239
0.255952
0.256301
0.255746
0.255733
0.256173
0.257022
0.257766
0.258879
0.259378
0.260108
0.2599
0.260476
0.261105
0.261977
0.262137
0.261785
0.261744
0.262433
0.262873
0.263655
