0.333333
0.283525
0.290406
0.301239
0.303135
0.302963
0.301831
0.29702
0.292327
0.293192
0.299914
0.306362
0.311307
0.317803
0.3244
0.327303
0.331831
0.333723
0.336825
0.342156
0.347017
0.349961
0.351904
0.353992
0.35508
0.357342
0.357702
0.359981
0.360066
0.362023
0.363592
0.364606
0.365794
0.366807
0.365622
0.367787
0.367872
0.365806
0.365647
0.367768
0.36813
0.368244
0.36823
0.368389
0.367654
0.367448
0.367604
0.367972
0.367915
0.36758
0.367841
0.368033
0.368434
0.368313
0.368817
0.368895
0.369214
0.369916
0.370591
0.371014
0.371518
0.371943
0.372536
0.371999
0.372744
0.373425
0.374283
0.374673
0.37481
0.375713
0.37618
0.376111
0.374925
0.375071
0.375311
0.37537
0.376308
0.377016
0.377743
0.377831
0.377656
0.377836
0.37812
0.378241
0.377814
0.377504
0.377503
0.377966
0.377873
